TSt	TS	UMt	UM	SOt	SO
0.0333333	365218	0.0333333	807290	1.01667	1637780
0.0666667	195017	0.0666667	388209	4.08333	889529
0.116667	165184	0.133333	286249	7.15	702092
0.15	149869	0.183333	235329	10.2167	599970
0.2	139526	0.25	203818	13.3	539849
0.25	133768	0.3	183186	16.3833	501095
0.283333	129622	0.366667	161719	19.4667	475046
0.333333	125739	0.416667	151310	22.55	456967
0.366667	123081	0.483333	143283	25.65	442932
0.416667	120387	0.533333	135423	28.75	432554
0.466667	118360	0.6	128296	31.8667	425277
0.5	116862	0.65	121140	34.9667	419531
0.55	114649	0.716667	112805	38.05	414906
0.583333	112604	0.766667	109488	41.15	411487
0.616667	112035	0.833333	104863	44.25	408855
0.666667	111598	0.883333	97958.6	47.35	406893
0.716667	110690	0.95	95233.5	50.45	405745
0.75	110362	1	91356.4	53.55	404795
0.8	109687	1.06667	88694.8	56.65	404293
0.833333	109000	1.11667	85483.9	59.75	404037
0.883333	108190	1.18333	82912.5	62.85	403929
0.916667	107426	1.23333	80531.3	65.95	403974
0.966667	106969	1.3	78238.8	69.05	404216
1	106716	1.35	77093.6	72.1667	404465
1.05	105996	1.41667	76348.5	75.2667	404843
1.08333	104910	1.46667	75130.4	78.4667	405250
1.13333	104503	1.53333	74682.4	81.8167	405367
1.18333	104106	1.58333	73601.1	85.15	405385
1.23333	103959	1.65	71954.3	88.4833	405578
1.28333	102988	1.7	71038.6	91.8167	405845
1.31667	102922	1.76667	70299.7	95.1667	405906
1.36667	102148	1.81667	69477.4	98.5	405978
1.4	101912	1.88333	68511.9	101.85	406046
1.45	101414	1.93333	67222.2	105.2	406150
1.48333	100653	2	65985.9	108.567	406176
1.53333	100627	2.05	65376.5	111.9	406215
1.56667	100593	2.11667	64439.8	115.25	406201
1.61667	100588	2.16667	63670.8	118.6	406250
1.65	100050	2.23333	62127.9	121.933	406325
1.68333	99533.3	2.28333	60873.7	125.267	406393
1.73333	99208.8	2.35	59669	128.617	406419
1.78333	99039.9	2.4	59235.7	131.967	406493
1.81667	99008.6	2.46667	59011.8	135.3	406519
1.86667	99200.6	2.51667	58406.5	138.65	406532
1.9	97628.5	2.58333	57897.4	142	406570
1.95	97057.8	2.63333	57534	145.35	406605
1.98333	97041.2	2.7	56363.3	148.7	406613
2.03333	96857.3	2.75	55519.9	152.05	406631
2.08333	96524.3	2.81667	55174.1	155.4	406648
2.11667	96153.1	2.86667	54918.5	158.75	406653
2.16667	95901.4	2.93333	54470.3	162.1	406643
2.2	95573.1	2.98333	54399.6	165.433	406653
2.25	95025	3.05	54197.7	168.783	406664
2.28333	94875.2	3.1	53648	172.117	406666
2.33333	94709.5	3.16667	53303.3	175.467	406666
2.36667	94570.3	3.21667	51804.1	178.833	406676
2.41667	94524.5	3.28333	51473.6	182.167	406682
2.45	94028.9	3.33333	50845.8	185.533	406684
2.48333	93833.7	3.4	50590.4	188.867	406688
2.53333	91797.7	3.45	49958.3	192.233	406692
2.56667	91525.5	3.51667	49699.2	195.567	406693
2.61667	91001.2	3.56667	49550.6	198.917	406696
2.66667	88974.1	3.63333	49306.7	202.2	406699
2.7	88723.6	3.68333	49316.1	205.283	406701
2.75	88335.4	3.75	49096.3	208.55	406703
2.78333	88289.8	3.8	48798	211.883	406702
2.81667	88081.3	3.86667	48452.4	215.217	406702
2.86667	87976.6	3.91667	48272	218.567	406704
2.91667	88100.5	3.98333	48006.3	221.917	406705
2.95	88122.9	4.03333	47833.4	225.25	406706
3	87682.6	4.1	47658.9	228.583	406707
3.03333	87485.5	4.15	47586.6	231.933	406708
3.08333	87238	4.21667	47210.5	235.283	406709
3.13333	86850.8	4.26667	46713	238.533	406709
3.16667	86740.3	4.33333	46537.8	241.683	406710
3.21667	86405.2	4.38333	46475.3	244.783	406710
3.25	86388.9	4.45	46271.5	247.883	406698
3.28333	86257.7	4.5	46207.1	250.967	406698
3.33333	86188.4	4.56667	46043.5	254.067	406699
3.38333	85630	4.61667	45737.6	257.167	406699
3.41667	84199.3	4.68333	45051.7	260.517	406699
3.46667	83994.6	4.73333	44469.8	263.867	406700
3.5	84107.3	4.8	44342.1	267.217	406700
3.55	83586.9	4.85	43771.9		
3.58333	83070.5	4.91667	43512.5		
3.61667	83133.6	4.96667	43276		
3.66667	83262.6	5.03333	43049.5		
3.71667	82863.1	5.08333	42738.6		
3.75	82629.7	5.15	42474.4		
3.8	82475.3	5.2	42375.2		
3.83333	82445.7	5.26667	42189.3		
3.9	82276	5.31667	42022.6		
3.93333	82139.8	5.38333	41936.6		
3.98333	81743.3	5.43333	41727.5		
4.01667	81726.6	5.5	41277.3		
4.06667	81555.1	5.55	40806.1		
4.11667	81252.6	5.61667	40685.4		
4.15	81157.2	5.66667	40589.4		
4.2	80872.1	5.73333	40583.2		
4.23333	80546.1	5.78333	40502.4		
4.28333	80532.5	5.85	40495.3		
4.31667	80266.1	5.9	40288.5		
4.38333	78807.4	5.96667	40032.4		
4.41667	78758.9	6.01667	39810.9		
4.46667	78639.6	6.08333	39632.3		
4.5	78360.8	6.13333	39564.6		
4.55	78243.5	6.2	39566.5		
4.58333	78012.9	6.25	38648.4		
4.63333	77872.3	6.31667	38557.1		
4.68333	77843	6.36667	38528.4		
4.73333	77684.3	6.43333	38275.8		
4.78333	77632.2	6.48333	37911.9		
4.81667	77514.3	6.55	37863.8		
4.86667	75868.9	6.6	37713.6		
4.91667	75656	6.66667	37619.9		
4.95	75462.5	6.71667	37632.1		
5.01667	75234.3	6.78333	37643.1		
5.05	75091.9	6.83333	37654.5		
5.1	74962.5	6.9	37484.1		
5.15	74781.1	6.95	37476.6		
5.18333	74607.4	7.01667	37288.8		
5.23333	74624.9	7.06667	37214		
5.26667	74525.8	7.13333	36763.1		
5.31667	74368.2	7.18333	36484.3		
5.35	74312.2	7.25	36501.5		
5.4	74317.4	7.3	36393.1		
5.43333	74274.8	7.36667	36403.9		
5.48333	73973.4	7.41667	36413.1		
5.53333	74090.2	7.48333	36241.4		
5.56667	74047.1	7.53333	36159.3		
5.61667	74018	7.6	36170.1		
5.65	73820.2	7.65	36179.7		
5.7	73802.1	7.71667	35998.8		
5.73333	73806.1	7.76667	36016.5		
5.78333	73793.1	7.83333	35950.1		
5.81667	73471.7	7.88333	35953.9		
5.86667	73412.2	7.95	35394.3		
5.9	73309.8	8	35319.6		
5.95	73139.3	8.06667	35239.6		
5.98333	71282.4	8.11667	35232.4		
6.03333	71253.2	8.18333	35035.8		
6.06667	71008.2	8.23333	35043.7		
6.11667	70949.5	8.3	34957.1		
6.15	70674.8	8.35	34797.8		
6.2	70506.8	8.41667	34710.6		
6.23333	70465.6	8.46667	34713.3		
6.28333	70391.2	8.53333	34609.1		
6.31667	70371.2	8.58333	34356.6		
6.36667	70357.6	8.65	34260.1		
6.4	70382.8	8.7	34261.9		
6.45	70172.6	8.76667	34276.2		
6.48333	70177.7	8.81667	34276.2		
6.53333	70159	8.88333	34266.5		
6.58333	70047.1	8.93333	34233.3		
6.61667	68083.2	9	34143.3		
6.66667	67892.9	9.05	33946.4		
6.7	67785	9.11667	33945.5		
6.75	67600.3	9.16667	33953		
6.78333	67394.5	9.23333	33876.6		
6.81667	65061.4	9.28333	33866.9		
6.86667	64932.5	9.35	33871.2		
6.91667	64840	9.4	33898		
6.95	64772.1	9.46667	33894.9		
7	64681.2	9.53333	33825.5		
7.03333	64449.7	9.6	33720.1		
7.06667	64270.6	9.65	33726.5		
7.11667	64070.4	9.71667	33725.2		
7.16667	64066.3	9.76667	33743.8		
7.2	64089.1	9.83333	33745.3		
7.25	63887.3	9.88333	33736.8		
7.28333	63724.6	9.95	33750.8		
7.33333	63546.8	10	33762.2		
7.38333	63571.6	10.0667	33774.4		
7.41667	63407.3	10.1167	33696.2		
7.46667	63296.5	10.1833	33691.6		
7.5	63214.9	10.2333	33615.8		
7.53333	63010.5	10.3	33624.9		
7.58333	63024.9	10.35	33538.9		
7.63333	62817.5	10.4167	33336.6		
7.66667	62607	10.4667	33263.9		
7.71667	62564.6	10.5333	33279.4		
7.75	62584.3	10.5833	33279		
7.78333	62521.8	10.65	33182.4		
7.83333	62508.3	10.7	33187.6		
7.88333	62537.3	10.7667	33119		
7.91667	62379.4	10.8167	33106.4		
7.96667	62392.9	10.8833	33094.7		
8	62358.3	10.9333	32928		
8.05	62285.9	11	32930.7		
8.1	62114	11.05	32929.6		
8.13333	61964.9	11.1167	32916.9		
8.18333	61913.4	11.1667	32914.5		
8.21667	61810.4	11.2333	32823.9		
8.25	61776.4	11.2833	32833.4		
8.3	61587.2	11.35	32753.9		
8.35	61444.8	11.4	32746.6		
8.38333	61463.6	11.4667	32755.6		
8.43333	61335.9	11.5167	32769.3		
8.46667	61204.7	11.5833	32660.6		
8.51667	61139.6	11.6333	32291.7		
8.56667	61112	11.7	32265.7		
8.6	61088.5	11.75	32217.7		
8.65	60832.6	11.8167	32230.2		
8.68333	60791.1	11.8667	32117.5		
8.73333	60755	11.9333	32103.6		
8.76667	60795.2	11.9833	32022.9		
8.81667	60664	12.05	32035.6		
8.85	60578.4	12.1	32016.6		
8.9	60482.7	12.1667	31761.5		
8.93333	60490	12.2167	31305		
8.98333	60445.7	12.2833	31314		
9.03333	60471.4	12.3333	31309.8		
9.06667	60452.1	12.4	31131.6		
9.11667	60486.7	12.45	31033.2		
9.15	60514	12.5167	31031.6		
9.2	60396.2	12.5667	30917.5		
9.23333	60407.5	12.6333	30824.6		
9.28333	60374.5	12.6833	30835.1		
9.31667	60275.8	12.75	30821		
9.36667	60221.8	12.8	30734.3		
9.4	60099.1	12.8667	30745.3		
9.45	59999.1	12.9167	30668.8		
9.48333	59907.6	12.9833	30677.8		
9.53333	59824.1	13.0333	30573.1		
9.56667	59821.4	13.1	30586.2		
9.6	59850.3	13.15	30499.6		
9.65	59843.5	13.2167	30484.7		
9.7	59744.2	13.2667	30496.1		
9.73333	59572.8	13.3333	30264.4		
9.78333	59514.4	13.3833	30186.5		
9.81667	59441.8	13.45	30181.5		
9.86667	59438.3	13.5	30193.7		
9.9	59440.7	13.5667	30200.8		
9.95	59465.5	13.6167	30202.3		
9.98333	59408.9	13.6833	30194.6		
10.0333	59379.5	13.7333	30201.3		
10.0667	59193.9	13.8	30192.8		
10.1167	59146.2	13.85	30202.5		
10.15	59176.7	13.9167	30204.1		
10.2	59167.5	13.9667	30218.3		
10.2333	59162.2	14.0333	30206.2		
10.2833	58811.9	14.0833	30101.1		
10.3167	58543.6	14.15	30094.1		
10.3667	58525	14.2	30096.1		
10.4	58489.3	14.2667	30088.2		
10.45	58464.5	14.3167	29999.5		
10.4833	58406.7	14.3833	29911.1		
10.5333	58419.4	14.4333	29923.9		
10.5667	58290.4	14.5	29937.9		
10.6167	58165.2	14.55	29919.9		
10.6667	57890.5	14.6167	29881.1		
10.7	57840.8	14.6667	29891.7		
10.75	57668.9	14.7333	29889.9		
10.7833	57656.6	14.7833	29842.4		
10.8333	57445.3	14.85	29763.7		
10.8667	57464.2	14.9	29670.4		
10.9333	57419.6	14.9667	29673.1		
10.9667	57160.1	15.0167	29685.4		
11.0167	57128.2	15.0833	29688.4		
11.0667	57085.1	15.1333	29704.3		
11.1	57067.8	15.2	29700.2		
11.15	57072.7	15.25	29693		
11.1833	57024.6	15.3167	29608.5		
11.25	56980.8	15.3667	29599.5		
11.2833	56955.9	15.4333	29599.7		
11.3333	56970.7	15.4833	29593.4		
11.3667	56840.1	15.55	29594.7		
11.4167	56840.4	15.6	29585.6		
11.4667	56737.7	15.6667	29576.6		
11.5	56742.1	15.7167	29562.9		
11.55	56634.8	15.7833	29546		
11.5833	56631.5	15.8333	29453.7		
11.6333	56639.4	15.9	29434.2		
11.6667	56634.2	15.95	29435.3		
11.7167	56640.8	16.0167	29440.8		
11.75	56563.1	16.0667	29441.7		
11.8	56555.9	16.1333	29444.1		
11.8333	56529.3	16.1833	29443.2		
11.8833	56459.4	16.25	29443.6		
11.9167	56449.5	16.3	29444.7		
11.9667	56416.5	16.3667	29443.9		
12	56372.5	16.4167	29444.9		
12.05	56367	16.4833	29444.6		
12.0833	56342.1	16.5333	29438.2		
12.1333	56326.7	16.6	29433.2		
12.1667	56259	16.65	29432.2		
12.2167	56215.6	16.7167	29338.4		
12.25	56203.9	16.7667	29334.9		
12.3	56159.4	16.8333	29338.1		
12.3333	56142.6	16.8833	29341.3		
12.3833	56106.2	16.95	29340.5		
12.4333	56039.7	17	29338.7		
12.4667	55937.6	17.0667	29337.1		
12.5	55957	17.1167	29339.4		
12.55	55767	17.1833	29252		
12.6	55797.4	17.2333	29253.4		
12.65	55752.1	17.3	29253.8		
12.7	55659.1	17.35	29254.8		
12.7333	55552.5	17.4167	29257.1		
12.7833	55464.7	17.4667	29253.8		
12.8333	55438.9	17.5333	29253.2		
12.8667	55342.3	17.5833	29252.7		
12.9167	55354.5	17.65	29250.7		
12.95	55304.9	17.7	29250.4		
13	55268.4	17.7667	29163.1		
13.0333	55261.3	17.8167	29164.1		
13.0833	55129.9	17.8833	29076.6		
13.1167	55074.6	17.9333	29077.2		
13.1667	54997.7	18	29077.4		
13.2167	54967.7	18.05	29077.9		
13.25	54978.8	18.1167	29078.8		
13.3	54937.4	18.1667	29079.1		
13.3333	54775.7	18.2333	29078.6		
13.3667	54742.2				
13.4167	54760.4				
13.4667	54766.6				
13.5	54706				
13.55	54692.8				
13.5833	54688.1				
13.6167	54681.4				
13.6667	54686.7				
13.7167	54653.2				
13.75	54654.7				
13.8	54603.8				
13.8333	54569.7				
13.8833	54462.4				
13.9167	54458.6				
13.9667	54459.5				
14	54430.3				
14.05	54425.1				
14.0833	54439.2				
14.1333	54462.3				
14.1833	54435.1				
14.2167	54387.2				
14.2667	54388.5				
14.3	54399.6				
14.35	54374.8				
14.3833	54343.2				
14.4333	54356.6				
14.4667	54351.4				
14.5167	54209.9				
14.55	54226.8				
14.6	54187.3				
14.6333	54055.7				
14.6833	54000.8				
14.7167	53991.4				
14.7667	53836.8				
14.8	53795.9				
14.85	53734.9				
14.8833	53679.9				
14.9333	53689.3				
14.9667	53694.9				
15.0167	53706.4				
15.0667	53721				
15.1	53708.8				
15.15	53693.6				
15.1833	53689.1				
15.2333	53673				
15.2667	53666.9				
15.3167	53665.6				
15.3667	53638.6				
15.4	53651.4				
15.45	53643.9				
15.4833	53635.7				
15.5167	53566.9				
15.5667	53570.6				
15.6167	53567.6				
15.6667	53537.5				
15.7167	53515.4				
15.75	53493.8				
15.8	53417.6				
15.8333	53387.7				
15.8833	53297				
15.9167	53287.7				
15.95	53135.9				
16.0167	53111.2				
16.0667	53106.6				
16.1	53073.1				
16.15	53072.9				
16.1833	53074.7				
16.2333	53058.1				
16.2833	53055.2				
16.3333	53044.4				
16.3667	53015.3				
16.4167	53005.3				
16.45	52994.3				
16.5	52995.1				
16.55	52958.8				
16.5833	52947.2				
16.6167	52947.4				
16.6667	52949.1				
16.7167	52937.7				
16.75	52897.6				
16.8	52905.4				
16.8333	52908.2				
16.8833	52920.8				
16.9167	52898				
16.95	52855.2				
17	52860.6				
17.05	52859.7				
17.0833	52862.6				
17.1333	52853.4				
17.1667	52845.8				
17.2333	52842.2				
17.2667	52820.5				
17.3167	52820.8				
17.35	52794.2				
17.4	52746.2				
17.45	52718.7				
17.4833	52721				
17.5333	52628				
17.5667	52635.2				
17.6167	52639.4				
17.65	52631				
17.7	52467.3				
17.7333	52465.8				
17.7833	52460.2				
17.8333	52435.7				
17.8667	52425.6				
17.9	52435.9				
17.95	52435.9				
18	52460				
18.0333	52435				
18.0833	52419.8				
18.1167	52430.7				
18.1667	52430.4				
18.2	52386.4				
18.25	52299.1				
18.3	52301.1				
18.3333	52294.8				
18.3833	52304.5				
18.4167	52307.1				
18.4667	52254.9				
18.5	52260.6				
18.5333	52241				
18.5833	52208.3				
18.6333	52116.9				
18.6667	52128.1				
18.7167	52118				
18.75	52144.2				
18.8	52150.6				
18.85	52072.2				
18.9	52049.5				
18.9333	52036.8				
18.9833	52036				
19.0167	52034.9				
19.0667	52044				
19.1167	52049.9				
19.15	52032.6				
19.2	52034.8				
19.2333	52036.2				
19.2667	52027.3				
19.3167	51980.5				
19.3667	51961.8				
19.4	51954.7				
19.45	51923.9				
19.4833	51838.2				
19.5333	51841.6				
19.5833	51842.4				
19.6167	51672.6				
19.6667	51663.5				
19.7167	51668.3				
19.75	51672.1				
19.8	51652.5				
19.8333	51648.1				
19.8833	51629.4				
19.9167	51631.3				
19.95	51544.2				
20	51476.9				
20.05	51473				
20.0833	51474				
20.1167	51445.9				
20.1667	51431.8				
20.2167	51364.3				
20.25	51368.7				
20.3	51371.3				
20.3333	51355.7				
20.3833	51345.4				
20.4167	51311.9				
20.4667	51311.9				
20.5167	51308.9				
20.55	51312.1				
20.6	51286.2				
20.6333	51280.3				
20.6667	51273				
20.7167	51264.4				
20.75	51261.2				
20.8	51260.7				
20.85	51251.4				
20.8833	51253.3				
20.9167	51266.3				
20.9667	51271.7				
21.0167	51284				
21.05	51265.1				
21.1	51263.9				
21.1333	51261.8				
21.1833	51220.4				
21.2167	51223.1				
21.2667	51222.2				
21.3167	51224.1				
21.35	51227.5				
21.4	51228.6				
21.4333	51235.1				
21.4833	51236				
21.5333	51235				
21.5667	51233.8				
21.6167	51231.3				
21.65	51061.5				
21.6833	51063.6				
21.7333	50986.3				
21.7833	50985.7				
21.8167	50986				
21.8667	50985.8				
21.9	50987.9				
21.95	50988.5				
21.9833	50984.9				
22.0333	50905.5				
22.0667	50824.6				
22.1167	50822.2				
22.15	50819				
22.2	50816.9				
22.2333	50817.5				
22.2833	50815				
22.3167	50815.5				
22.35	50814.6				
22.4	50816.1				
22.45	50817.6				
22.4833	50813.8				
22.5333	50815.1				
22.5667	50817				
22.6167	50819.5				
22.65	50818.3				
22.7	50819.2				
22.7333	50823.2				
22.7833	50729				
22.8333	50728				
22.8667	50726.4				
22.9	50723.4				
22.95	50719.9				
23	50719.1				
23.0333	50717.9				
23.0833	50708.3				
23.1167	50701.5				
23.1667	50700.8				
23.2	50620.2				
23.25	50621				
23.2833	50617.7				
23.3333	50618.4				
23.3667	50619.6				
23.4167	50615.9				
23.4667	50615				
23.5167	50615.1				
23.5667	50598.1				
23.6	50587.6				
23.65	50586.3				
23.6833	50509.4				
23.7333	50503.6				
23.7667	50477.3				
23.8167	50477.2				
23.85	50479.4				
23.9	50476.4				
23.9333	50398.9				
23.9833	50401.8				
24.0333	50402.4				
24.0667	50397				
24.1	50398.9				
24.15	50397.2				
24.2	50394.8				
24.2333	50395.5				
24.2833	50398.9				
24.3333	50399.8				
24.3833	50396.9				
24.4167	50399.2				
24.4667	50396.2				
24.5	50399.5				
24.55	50401.1				
24.5833	50395.4				
24.6333	50395.9				
24.6833	50399.6				
24.7333	50382.1				
24.7667	50384				
24.8167	50383.3				
24.8667	50382.1				
24.9	50384.1				
24.95	50382.2				
24.9833	50379.8				
25.0333	50363.2				
25.0667	50366.2				
25.1	50370.3				
25.15	50369.6				
25.1833	50363.9				
25.2333	50366				
25.2667	50289.6				
25.3167	50286.6				
25.35	50281.5				
25.4	50270.5				
25.4333	50268.4				
25.4833	50258.3				
25.5333	50258.6				
25.5667	50256.1				
25.6167	50255.2				
25.65	50252.7				
25.6833	50169.8				
25.7333	50174				
25.7833	50168.5				
25.8167	50166.4				
25.8667	50166.4				
25.9	50168.1				
25.95	50167.5				
25.9833	50163.1				
26.0167	50164.9				
26.0667	50162.4				
26.1167	50163.1				
26.15	50156.9				
26.2	50152.1				
26.2333	50153.5				
26.2833	50149				
26.3167	50148.3				
26.35	50145.5				
26.4	50145.2				
26.45	50146.6				
26.4833	50150.9				
26.5333	50150.1				
26.5667	50146.3				
26.6	50143.4				
26.65	50134				
26.7	50130.5				
26.7333	50128.3				
26.7833	50124.9				
26.8167	50124.6				
26.8667	50122.3				
26.9	50112.8				
26.95	50092.4				
26.9833	50085.7				
27.0333	50082.5				
27.0667	50076.1				
27.1167	50076				
27.15	50066				
27.2	50064.3				
27.2333	50060.5				
27.2833	50059.1				
27.3333	50058.6				
27.3667	50048.4				
27.4	50047.1				
27.45	49967.5				
27.5	49954.8				
27.5333	49955.1				
27.5833	49954.4				
27.6167	49957.2				
27.6667	49957.3				
27.7167	49950.4				
27.7667	49931.6				
27.8	49907.5				
27.85	49906.9				
27.9	49903.6				
27.9333	49901.7				
27.9833	49902.7				
28.0167	49903.8				
28.0667	49897.9				
28.1	49898.3				
28.15	49884.5				
28.2	49884.6				
28.2333	49881.7				
28.2667	49884.7				
28.3167	49883.2				
28.35	49882.3				
28.4	49883				
28.4333	49880.4				
28.4833	49883				
28.5167	49885.9				
28.5667	49886.6				
28.6	49888.8				
28.65	49887.8				
28.7	49887.9				
28.7333	49885.9				
28.7833	49886.1				
28.8167	49885.4				
28.8667	49885.4				
28.9167	49884.9				
28.95	49885.9				
29	49884.3				
29.0333	49885.3				
29.0833	49885.7				
29.1167	49885.2				
29.1667	49885.2				
29.2	49885.4				
29.25	49885				
29.3	49884.9				
