SVt	SV	Vt	V	SSVt	SSV	PSSVt	PSSV
0.0333333	364483	0.683333	364595	0.05	370476	0.0333333	365218
0.0666667	371157	1.38333	80256.1	0.1	195469	0.0666667	195017
0.1	373309	2.1	72398	0.166667	165220	0.116667	165184
0.15	379426	2.81667	70653.6	0.216667	151605	0.15	149869
0.183333	385201	3.53333	69839.5	0.266667	140814	0.2	139526
0.216667	386757	4.23333	69421.2	0.333333	133374	0.25	133768
0.266667	389562	4.91667	69378.1	0.383333	128405	0.283333	129622
0.3	390652	5.61667	69082.8	0.433333	125396	0.333333	125739
0.333333	392427	6.33333	68652.1	0.5	121388	0.366667	123081
0.383333	394025	7.03333	67923.7	0.55	119661	0.416667	120387
0.416667	391902	7.75	67250.9	0.616667	117742	0.466667	118360
0.45	389682	8.45	65990.8	0.666667	115944	0.5	116862
0.483333	390520	9.16667	65236.8	0.716667	114310	0.55	114649
0.533333	392105	9.86667	64640.8	0.783333	113617	0.583333	112604
0.566667	393739	10.55	64140.6	0.833333	112768	0.616667	112035
0.6	389579	11.2667	62394.2	0.883333	112468	0.666667	111598
0.65	387290	11.9833	62024.7	0.95	112058	0.716667	110690
0.683333	382760	12.6833	61644.9	1	110609	0.75	110362
0.716667	382320	13.3833	61272.3	1.05	110416	0.8	109687
0.766667	383595	14.0833	60956.3	1.13333	109906	0.833333	109000
0.8	384428	14.8	60692.7	1.18333	109496	0.883333	108190
0.833333	383123	15.5	59597.8	1.25	109254	0.916667	107426
0.883333	384170	16.1833	59413.4	1.3	108708	0.966667	106969
0.916667	385238	16.8833	59178.7	1.35	108501	1	106716
0.95	384398	17.6167	58949.3	1.41667	107919	1.05	105996
1	386042	18.3167	58827.1	1.46667	107664	1.08333	104910
1.03333	385405	19.0333	58758.1	1.51667	106793	1.13333	104503
1.06667	384439	19.7167	58690.3	1.58333	106707	1.18333	104106
1.11667	383159	20.4333	58630.3	1.63333	106058	1.23333	103959
1.15	383968	21.1333	57467.4	1.68333	105356	1.28333	102988
1.18333	382816	21.8333	57462.6	1.75	105001	1.31667	102922
1.21667	383834	22.5333	57411.9	1.8	104301	1.36667	102148
1.26667	384970	23.2333	57424.1	1.88333	103235	1.4	101912
1.3	378198	23.9333	56120.5	1.93333	103054	1.45	101414
1.33333	363567	24.6333	56143.4	1.98333	102611	1.48333	100653
1.38333	364535	25.3333	56152.1	2.05	102641	1.53333	100627
1.41667	365302	26.05	56199.3	2.1	101972	1.56667	100593
1.45	365877	26.7333	56237.7	2.15	101676	1.61667	100588
1.5	364754	27.4333	56311.8	2.21667	101215	1.65	100050
1.53333	365667	28.1333	56332.2	2.26667	100853	1.68333	99533.3
1.56667	366159	28.8333	56370.3	2.31667	99937.5	1.73333	99208.8
1.61667	366108	29.5333	56405	2.38333	99636.7	1.78333	99039.9
1.65	366433	30.2333	56425.7	2.43333	98814.1	1.81667	99008.6
1.68333	366926	30.9333	54790.5	2.5	98517.7	1.86667	99200.6
1.73333	367914	31.65	54806.1	2.55	98141.3	1.9	97628.5
1.76667	368773	32.35	54809.9	2.61667	97934.6	1.95	97057.8
1.8	369665	33.05	54817.3	2.68333	97073.2	1.98333	97041.2
1.83333	368085	33.7667	54831.9	2.73333	97007	2.03333	96857.3
1.88333	366830	34.4667	54842.9	2.78333	96518.6	2.08333	96524.3
1.91667	366921	35.1667	54852.1	2.85	96723.9	2.11667	96153.1
1.95	367414	35.8667	54853.1	2.9	96188.5	2.16667	95901.4
2	367427	36.5667	54856.2	2.95	95782.8	2.2	95573.1
2.03333	365870	37.2833	54866.8	3.01667	95526.1	2.25	95025
2.06667	365943	38	54871.6	3.06667	95575.2	2.28333	94875.2
2.11667	365954	38.7167	54873.1	3.13333	95390.7	2.33333	94709.5
2.15	366277	39.4167	54875.8	3.18333	95326.4	2.36667	94570.3
2.18333	366321	40.1333	54878.5	3.23333	95297.9	2.41667	94524.5
2.23333	366808	40.8333	54880.6	3.3	95320.5	2.45	94028.9
2.26667	363692	41.5333	54879.6	3.35	95378	2.48333	93833.7
2.3	363805	42.2333	54881.4	3.4	95530.5	2.53333	91797.7
2.35	363058	42.95	54882.5	3.46667	95102.9	2.56667	91525.5
2.38333	363244	43.65	54884.4	3.51667	94998	2.61667	91001.2
2.41667	363153	44.35	54841.2	3.56667	94078	2.66667	88974.1
2.46667	362651	45.05	54842.2	3.63333	92740.5	2.7	88723.6
2.5	362646	45.75	54843.6	3.68333	92547.2	2.75	88335.4
2.53333	362814	46.45	54845.4	3.75	92001.9	2.78333	88289.8
2.56667	362748	47.15	54847.3	3.81667	91468.4	2.81667	88081.3
2.61667	356008	47.85	54848.8	3.86667	91208.6	2.86667	87976.6
2.65	354332	48.55	54849.7	3.93333	91072.7	2.91667	88100.5
2.68333	352177	49.25	54850.5	3.98333	91008.3	2.95	88122.9
2.73333	351159	49.9333	54851.5	4.03333	90749.6	3	87682.6
2.76667	349881	50.6333	54852.5	4.1	90713.4	3.03333	87485.5
2.8	349233	51.3333	54852.9	4.15	90587.5	3.08333	87238
2.85	349500	52.0167	54853.7	4.2	90380.4	3.13333	86850.8
2.88333	349685	52.7	54854.3	4.26667	90584.4	3.16667	86740.3
2.91667	348615	53.3833	54854.9	4.3	90425.1	3.21667	86405.2
2.96667	348519	54.1167	54855.1	4.36667	90376.7	3.25	86388.9
3	347743	54.8167	54855.2	4.41667	89970	3.28333	86257.7
3.03333	347438	-	0.683333	4.46667	89710.3	3.33333	86188.4
3.08333	346725	-	1.38333	4.53333	89730.3	3.38333	85630
3.11667	346604	-	2.1	4.58333	89667.8	3.41667	84199.3
3.15	345437	-	2.81667	4.65	89707.6	3.46667	83994.6
3.18333	344551	-	3.53333	4.71667	89787	3.5	84107.3
3.23333	344161	-	4.23333	4.76667	89390.7	3.55	83586.9
3.26667	344109	-	4.91667	4.81667	89490.9	3.58333	83070.5
3.3	343692	-	5.61667	4.88333	87932.3	3.61667	83133.6
3.35	343541	-	6.33333	4.93333	87737.8	3.66667	83262.6
3.38333	343146	-	7.03333	5	87546.8	3.71667	82863.1
3.41667	340801	-	7.75	5.05	87250	3.75	82629.7
3.46667	340774	-	8.45	5.1	87129.8	3.8	82475.3
3.5	340612	-	9.16667	5.16667	87015.7	3.83333	82445.7
3.53333	337630	-	9.86667	5.21667	86851.5	3.9	82276
3.58333	336012	-	10.55	5.26667	86839	3.93333	82139.8
3.61667	335131	-	11.2667	5.35	86604.2	3.98333	81743.3
3.65	333417	-	11.9833	5.4	86605.6	4.01667	81726.6
3.7	332804	-	12.6833	5.46667	86173.6	4.06667	81555.1
3.73333	332392	-	13.3833	5.51667	86191.6	4.11667	81252.6
3.76667	332092	-	-	5.56667	86097.3	4.15	81157.2
3.81667	331726	-	-	5.63333	86072.1	4.2	80872.1
3.85	331914	-	-	5.68333	85691.2	4.23333	80546.1
3.88333	331468	-	-	5.73333	85359.2	4.28333	80532.5
3.91667	331396	-	-	5.8	85498.7	4.31667	80266.1
3.96667	330627	-	-	5.85	85309.1	4.38333	78807.4
4	330342	-	-	5.9	84932.9	4.41667	78758.9
4.03333	329658	-	-	5.95	84854.2	4.46667	78639.6
4.08333	329409	-	-	6	84938.8	4.5	78360.8
4.11667	328677	-	-	6.06667	84778.1	4.55	78243.5
4.15	328804	-	-	6.11667	84478.9	4.58333	78012.9
4.2	328411	-	-	6.16667	84438.8	4.63333	77872.3
4.23333	326700	-	-	6.23333	84200.2	4.68333	77843
4.26667	326551	-	-	6.28333	84142.2	4.73333	77684.3
4.31667	326432	-	-	6.33333	84060.6	4.78333	77632.2
4.35	326678	-	-	6.4	83810.2	4.81667	77514.3
4.38333	326890	-	-	6.45	83580.5	4.86667	75868.9
4.43333	326673	-	-	6.5	83575.7	4.91667	75656
4.46667	326849	-	-	6.56667	79304.8	4.95	75462.5
4.5	327014	-	-	6.61667	79204.1	5.01667	75234.3
4.53333	327082	-	-	6.68333	79030.9	5.05	75091.9
4.58333	326968	-	-	6.73333	79004.1	5.1	74962.5
4.61667	326595	-	-	6.78333	78768.3	5.15	74781.1
4.65	326875	-	-	6.85	78769.6	5.18333	74607.4
4.7	326768	-	-	6.9	78611.3	5.23333	74624.9
4.73333	326943	-	-	6.95	78356.7	5.26667	74525.8
4.76667	326254	-	-	7.01667	78330.8	5.31667	74368.2
4.81667	326145	-	-	7.06667	78248.6	5.35	74312.2
4.85	325744	-	-	7.11667	78104.6	5.4	74317.4
4.88333	325825	-	-	7.2	77712.4	5.43333	74274.8
4.93333	325050	-	-	7.25	75937.3	5.48333	73973.4
4.96667	325326	-	-	7.31667	75668.3	5.53333	74090.2
5	325474	-	-	7.36667	75624.9	5.56667	74047.1
5.05	325724	-	-	7.41667	75402.3	5.61667	74018
5.08333	324891	-	-	7.48333	75366.9	5.65	73820.2
5.11667	325156	-	-	7.53333	75305.8	5.7	73802.1
5.15	325448	-	-	7.58333	75029.6	5.73333	73806.1
5.2	325149	-	-	7.65	74921.5	5.78333	73793.1
5.23333	324367	-	-	7.7	74671	5.81667	73471.7
5.26667	324601	-	-	7.75	74355.4	5.86667	73412.2
5.31667	323866	-	-	7.83333	74262.4	5.9	73309.8
5.35	322994	-	-	7.9	73981.6	5.95	73139.3
5.38333	322674	-	-	7.96667	73834	5.98333	71282.4
5.43333	320505	-	-	8.01667	73584	6.03333	71253.2
5.46667	320707	-	-	8.06667	71803.9	6.06667	71008.2
5.5	320272	-	-	8.13333	71743.5	6.11667	70949.5
5.55	320513	-	-	8.18333	71555	6.15	70674.8
5.58333	320469	-	-	8.23333	71438.5	6.2	70506.8
5.61667	320730	-	-	8.3	71203.9	6.23333	70465.6
5.66667	320958	-	-	8.35	71143.7	6.28333	70391.2
5.7	321039	-	-	8.4	71027.9	6.31667	70371.2
5.73333	319794	-	-	8.46667	69016.6	6.36667	70357.6
5.78333	319173	-	-	8.51667	68916.9	6.4	70382.8
5.81667	319467	-	-	8.58333	68663.4	6.45	70172.6
5.85	319595	-	-	8.63333	68581.6	6.48333	70177.7
5.88333	319551	-	-	8.7	68467.4	6.53333	70159
5.93333	319154	-	-	8.76667	68187.1	6.58333	70047.1
5.96667	319484	-	-	8.81667	68148.1	6.61667	68083.2
6	317695	-	-	8.86667	67792.4	6.66667	67892.9
6.05	317971	-	-	8.93333	67835.8	6.7	67785
6.08333	317138	-	-	8.98333	67727.4	6.75	67600.3
6.11667	316941	-	-	9.03333	67722.7	6.78333	67394.5
6.16667	316289	-	-	9.1	65642.7	6.81667	65061.4
6.2	316396	-	-	9.15	65529.7	6.86667	64932.5
6.23333	316099	-	-	9.21667	65485.1	6.91667	64840
6.28333	315793	-	-	9.26667	65265	6.95	64772.1
6.31667	314613	-	-	9.31667	65204	7	64681.2
6.35	313898	-	-	9.38333	65167.8	7.03333	64449.7
6.4	313965	-	-	9.43333	65047.9	7.06667	64270.6
6.43333	314060	-	-	9.48333	64934.2	7.11667	64070.4
6.46667	314228	-	-	9.55	64794.8	7.16667	64066.3
6.5	312254	-	-	9.6	64773	7.2	64089.1
6.55	312534	-	-	9.65	64588.3	7.25	63887.3
6.58333	312583	-	-	9.71667	64517	7.28333	63724.6
6.61667	312525	-	-	9.76667	64504.1	7.33333	63546.8
6.66667	311908	-	-	9.83333	64502.7	7.38333	63571.6
6.7	311659	-	-	9.88333	64507.3	7.41667	63407.3
6.73333	311822	-	-	9.91667	64164.5	7.46667	63296.5
6.78333	311181	-	-	9.98333	64155.1	7.5	63214.9
6.81667	311055	-	-	10.0333	64048.9	7.53333	63010.5
6.85	311200	-	-	10.0833	63967.4	7.58333	63024.9
6.9	311474	-	-	10.15	63900.6	7.63333	62817.5
6.93333	311718	-	-	10.2	63821.2	7.66667	62607
6.96667	311011	-	-	10.25	63789.8	7.71667	62564.6
7.01667	310599	-	-	10.3167	63696.2	7.75	62584.3
7.05	310559	-	-	10.3667	63736.6	7.78333	62521.8
7.08333	310569	-	-	10.4333	63668.1	7.83333	62508.3
7.11667	310736	-	-	10.4833	63635.6	7.88333	62537.3
7.16667	310862	-	-	10.5333	63662.9	7.91667	62379.4
7.2	310920	-	-	10.6	63563.3	7.96667	62392.9
7.23333	310480	-	-	10.65	63383.3	8	62358.3
7.28333	310454	-	-	10.7	63365.1	8.05	62285.9
7.31667	310371	-	-	10.7667	63254.3	8.1	62114
7.35	310472	-	-	10.8167	63181.2	8.13333	61964.9
7.4	310607	-	-	10.8667	63184.8	8.18333	61913.4
7.43333	310492	-	-	10.9333	63080.1	8.21667	61810.4
7.46667	310495	-	-	10.9833	62961.6	8.25	61776.4
7.51667	310415	-	-	11.05	62862	8.3	61587.2
7.55	310179	-	-	11.1	62802.9	8.35	61444.8
7.58333	309970	-	-	11.1333	62728.2	8.38333	61463.6
7.63333	309763	-	-	11.2	62698.8	8.43333	61335.9
7.66667	309753	-	-	11.25	62607.8	8.46667	61204.7
7.7	309680	-	-	11.3	62356.6	8.51667	61139.6
7.75	309556	-	-	11.3667	62218.4	8.56667	61112
7.78333	309230	-	-	11.4167	62118.7	8.6	61088.5
7.81667	308771	-	-	11.4667	62073.1	8.65	60832.6
7.85	308899	-	-	11.5333	61941.1	8.68333	60791.1
7.9	308193	-	-	11.5833	61822.4	8.73333	60755
7.93333	308184	-	-	11.65	61766	8.76667	60795.2
7.96667	307773	-	-	11.7	61733.2	8.81667	60664
8.01667	307565	-	-	11.75	61685.9	8.85	60578.4
8.05	307699	-	-	11.8167	61652	8.9	60482.7
8.08333	306559	-	-	11.8667	61511.7	8.93333	60490
8.13333	306269	-	-	11.9167	61484.2	8.98333	60445.7
8.16667	306178	-	-	11.9833	61388.8	9.03333	60471.4
8.2	306230	-	-	12.0333	61169	9.06667	60452.1
8.25	304409	-	-	12.0833	61079.2	9.11667	60486.7
8.28333	304391	-	-	12.15	60988.5	9.15	60514
8.31667	304069	-	-	12.2	60834.1	9.2	60396.2
8.36667	304074	-	-	12.2667	60824.2	9.23333	60407.5
8.4	303337	-	-	12.3167	60842.2	9.28333	60374.5
8.43333	303359	-	-	12.3667	60802.8	9.31667	60275.8
8.46667	302853	-	-	12.4333	60754.6	9.36667	60221.8
8.51667	302975	-	-	12.4833	60633.7	9.4	60099.1
8.55	301800	-	-	12.5333	60623.8	9.45	59999.1
8.58333	301327	-	-	12.6	60646.8	9.48333	59907.6
8.63333	301340	-	-	12.65	60625.4	9.53333	59824.1
8.66667	300537	-	-	12.7	60630.4	9.56667	59821.4
8.7	300235	-	-	12.7667	60632.5	9.6	59850.3
8.75	300147	-	-	12.8167	60632.8	9.65	59843.5
8.78333	300109	-	-	12.8833	60645.7	9.7	59744.2
8.81667	298613	-	-	12.9333	60637.9	9.73333	59572.8
8.86667	298542	-	-	12.9833	60602.6	9.78333	59514.4
8.9	298588	-	-	13.05	60493.9	9.81667	59441.8
8.93333	298637	-	-	13.1	60492.3	9.86667	59438.3
8.98333	298667	-	-	13.15	60303.5	9.9	59440.7
9.01667	298717	-	-	13.2167	60195.9	9.95	59465.5
9.05	298838	-	-	13.2667	60084.2	9.98333	59408.9
9.08333	298527	-	-	13.3167	60042	10.0333	59379.5
9.13333	298561	-	-	13.3833	60053	10.0667	59193.9
9.16667	297569	-	-	13.4333	60016.1	10.1167	59146.2
9.2	297506	-	-	13.5	59929.2	10.15	59176.7
9.23333	296578	-	-	13.55	59906	10.2	59167.5
9.28333	296635	-	-	13.6	59842.9	10.2333	59162.2
9.31667	296536	-	-	13.6667	59762.3	10.2833	58811.9
9.35	295636	-	-	13.7167	59748	10.3167	58543.6
9.38333	295512	-	-	13.7667	59725.1	10.3667	58525
9.43333	294038	-	-	13.8333	59725.9	10.4	58489.3
9.46667	293386	-	-	13.8833	59733.3	10.45	58464.5
9.5	293446	-	-	13.9333	59544.4	10.4833	58406.7
9.53333	293472	-	-	14	59376.2	10.5333	58419.4
9.58333	293225	-	-	14.05	59151.3	10.5667	58290.4
9.61667	293079	-	-	14.1167	59033.8	10.6167	58165.2
9.65	292764	-	-	14.1667	58961.6	10.6667	57890.5
9.68333	292443	-	-	14.2167	58947.5	10.7	57840.8
9.71667	292360	-	-	14.2833	58933.5	10.75	57668.9
9.76667	292348	-	-	14.3333	58930.8	10.7833	57656.6
9.8	292374	-	-	14.3833	58934.5	10.8333	57445.3
9.83333	291953	-	-	14.45	58863.8	10.8667	57464.2
9.86667	291819	-	-	14.5	58841.4	10.9333	57419.6
9.91667	291879	-	-	14.55	58815.2	10.9667	57160.1
9.95	291938	-	-	14.6167	58816.8	11.0167	57128.2
9.98333	291753	-	-	14.6667	58733.7	11.0667	57085.1
10.0167	291397	-	-	14.7333	58689.7	11.1	57067.8
10.0667	290796	-	-	14.7833	58627.9	11.15	57072.7
10.1	290337	-	-	14.85	58611	11.1833	57024.6
10.1333	290096	-	-	14.9167	58561.9	11.25	56980.8
10.1667	289652	-	-	14.9667	58444.8	11.2833	56955.9
10.2	289480	-	-	15.0167	58400.3	11.3333	56970.7
10.25	289395	-	-	15.0833	58344.7	11.3667	56840.1
10.2833	289452	-	-	15.1333	58313.1	11.4167	56840.4
10.3167	289507	-	-	15.2	58304.7	11.4667	56737.7
10.35	289490	-	-	15.25	58288.8	11.5	56742.1
10.4	289249	-	-	15.2833	58256.8	11.55	56634.8
10.4333	289307	-	-	15.35	58255.2	11.5833	56631.5
10.4667	288992	-	-	15.4	58234.7	11.6333	56639.4
10.5	289013	-	-	15.45	58223.3	11.6667	56634.2
10.55	289071	-	-	15.5167	58218.8	11.7167	56640.8
10.5833	289129	-	-	15.5667	58216.1	11.75	56563.1
10.6167	289183	-	-	15.6167	58188.9	11.8	56555.9
10.65	289234	-	-	15.6833	58082.3	11.8333	56529.3
10.7	289169	-	-	15.7333	58085.2	11.8833	56459.4
10.7333	289197	-	-	15.8	57910.1	11.9167	56449.5
10.7667	289227	-	-	15.85	57879.3	11.9667	56416.5
10.8	288048	-	-	15.9167	57882.9	12	56372.5
10.85	287791	-	-	16	57715.5	12.05	56367
10.8833	287671	-	-	16.05	57601.7	12.0833	56342.1
10.9167	287698	-	-	16.1	57605.8	12.1333	56326.7
10.95	286412	-	-	16.1667	57503.7	12.1667	56259
11	285621	-	-	16.2167	57417.4	12.2167	56215.6
11.0333	285165	-	-	16.2667	57346.6	12.25	56203.9
11.0667	285191	-	-	16.3333	57328.2	12.3	56159.4
11.1	285069	-	-	16.3833	57300.1	12.3333	56142.6
11.15	284839	-	-	16.45	57191.9	12.3833	56106.2
11.1833	284005	-	-	16.5	57192	12.4333	56039.7
11.2167	283697	-	-	16.55	57196.3	12.4667	55937.6
11.25	283293	-	-	16.6167	57191.3	12.5	55957
11.3	283065	-	-	16.6667	57150.2	12.55	55767
11.3333	282774	-	-	16.7167	57153.8	12.6	55797.4
11.3667	280729	-	-	16.7833	57136.3	12.65	55752.1
11.4	280415	-	-	16.8333	57112.3	12.7	55659.1
11.45	280025	-	-	16.8833	57023.4	12.7333	55552.5
11.4833	280051	-	-	16.9333	56999.5	12.7833	55464.7
11.5167	280042	-	-	16.9833	56966.1	12.8333	55438.9
11.55	278876	-	-	17.05	56922.9	12.8667	55342.3
11.6	277871	-	-	17.1	56911.7	12.9167	55354.5
11.6333	277899	-	-	17.15	56865.4	12.95	55304.9
11.6667	276737	-	-	17.2167	56803.2	13	55268.4
11.7	276691	-	-	17.2667	56784.4	13.0333	55261.3
11.75	276528	-	-	17.3167	56792.8	13.0833	55129.9
11.7833	276555	-	-	17.3833	56775.9	13.1167	55074.6
11.8167	276387	-	-	17.4333	56778.8	13.1667	54997.7
11.8667	276085	-	-	17.4833	56779.4	13.2167	54967.7
11.9	276020	-	-	17.5667	56682.8	13.25	54978.8
11.9333	275934	-	-	17.6167	56683.7	13.3	54937.4
11.9667	275961	-	-	17.6833	56610.7	13.3333	54775.7
12.0167	275649	-	-	17.7333	56436.8	13.3667	54742.2
12.05	274711	-	-	17.8	56337.9	13.4167	54760.4
12.0833	274632	-	-	17.85	56210.6	13.4667	54766.6
12.1167	274034	-	-	17.9167	56170.8	13.5	54706
12.1667	273729	-	-	17.9667	56158.3	13.55	54692.8
12.2	273722	-	-	18.0167	56113.9	13.5833	54688.1
12.2333	273749	-	-	18.0833	56146.9	13.6167	54681.4
12.2833	273198	-	-	18.1333	56122.8	13.6667	54686.7
12.3167	273092	-	-	18.1833	56105.1	13.7167	54653.2
12.35	272823	-	-	18.25	56110.4	13.75	54654.7
12.3833	272357	-	-	18.3	56075.3	13.8	54603.8
12.4333	271610	-	-	18.35	56066.7	13.8333	54569.7
12.4667	271143	-	-	18.4167	55947.5	13.8833	54462.4
12.5	271169	-	-	18.4667	55933.6	13.9167	54458.6
12.5333	271194	-	-	18.5167	55850.8	13.9667	54459.5
12.5833	270991	-	-	18.5833	55828.7	14	54430.3
12.6167	270082	-	-	18.6333	55812	14.05	54425.1
12.65	269951	-	-	18.6833	55763.4	14.0833	54439.2
12.6833	269835	-	-	18.75	55768	14.1333	54462.3
12.7333	269703	-	-	18.8	55745.4	14.1833	54435.1
12.7667	269509	-	-	18.8667	55752.9	14.2167	54387.2
12.8	269534	-	-	18.9333	55709.4	14.2667	54388.5
12.8333	269560	-	-	18.9833	55615.6	14.3	54399.6
12.8667	269196	-	-	19.05	55600.1	14.35	54374.8
12.9167	269218	-	-	19.1	55593.9	14.3833	54343.2
12.95	269244	-	-	19.15	55585.6	14.4333	54356.6
12.9833	267923	-	-	19.2167	55589.2	14.4667	54351.4
13.0167	267948	-	-	19.2667	55543.1	14.5167	54209.9
13.0667	267683	-	-	19.3167	55464.6	14.55	54226.8
13.1	267587	-	-	19.3833	55471	14.6	54187.3
13.1333	267579	-	-	19.4333	55413.2	14.6333	54055.7
13.1833	266992	-	-	19.4833	55408.2	14.6833	54000.8
13.2167	266843	-	-	19.55	55409.9	14.7167	53991.4
13.25	266644	-	-	19.6	55349.2	14.7667	53836.8
13.2833	266670	-	-	19.6667	55338.7	14.8	53795.9
13.3333	266557	-	-	19.7167	55352	14.85	53734.9
13.3667	266460	-	-	19.7667	55351.5	14.8833	53679.9
13.4	266221	-	-	19.8333	55358	14.9333	53689.3
13.4333	265908	-	-	19.8833	55344	14.9667	53694.9
13.4833	265794	-	-	19.9333	55332.7	15.0167	53706.4
13.5167	265819	-	-	20	55263.9	15.0667	53721
13.55	265844	-	-	20.05	55271.7	15.1	53708.8
13.5833	265325	-	-	20.1	55259.3	15.15	53693.6
13.65	265348	-	-	20.15	55256.3	15.1833	53689.1
13.6833	263870	-	-	20.2	55251.7	15.2333	53673
13.7167	263708	-	-	20.2667	55238.2	15.2667	53666.9
13.7667	263688	-	-	20.3167	55224.7	15.3167	53665.6
13.8	263664	-	-	20.3667	55110.5	15.3667	53638.6
13.8333	262774	-	-	20.4333	55012.3	15.4	53651.4
13.8667	262589	-	-	20.4833	54961.3	15.45	53643.9
13.9167	262612	-	-	20.5333	54949.7	15.4833	53635.7
13.95	262564	-	-	20.6	54951.5	15.5167	53566.9
13.9833	262588	-	-	20.65	54944.4	15.5667	53570.6
14.0167	262540	-	-	20.7	54932	15.6167	53567.6
14.0667	262425	-	-	20.7667	54928.7	15.6667	53537.5
14.1	262315	-	-	20.8167	54915.1	15.7167	53515.4
14.1333	262340	-	-	20.8833	54832.2	15.75	53493.8
14.1833	262143	-	-	20.9333	54834.6	15.8	53417.6
14.2167	261960	-	-	20.9833	54838.7	15.8333	53387.7
14.25	261985	-	-	21.05	54731.8	15.8833	53297
14.3	261824	-	-	21.1	54722.7	15.9167	53287.7
14.3333	261684	-	-	21.15	54707.7	15.95	53135.9
14.3667	261707	-	-	21.2167	54728	16.0167	53111.2
14.4	261663	-	-	21.2667	54744.9	16.0667	53106.6
14.45	261506	-	-	21.3167	54750	16.1	53073.1
14.4833	261046	-	-	21.3833	54761.6	16.15	53072.9
14.5167	261070	-	-	21.4333	54759.3	16.1833	53074.7
14.5667	260971	-	-	21.5	54761.5	16.2333	53058.1
14.6	260961	-	-	21.55	54752.1	16.2833	53055.2
14.6333	260610	-	-	21.6	54723.3	16.3333	53044.4
14.6833	260633	-	-	21.6667	54707.9	16.3667	53015.3
14.7167	260589	-	-	21.7167	54614.5	16.4167	53005.3
14.75	260399	-	-	21.7667	54613.9	16.45	52994.3
14.8	260079	-	-	21.85	54599.9	16.5	52995.1
14.8333	259541	-	-	21.9	54599.4	16.55	52958.8
14.8667	259489	-	-	21.95	54592.6	16.5833	52947.2
14.9167	259375	-	-	22.0333	54587	16.6167	52947.4
14.95	259317	-	-	22.0833	54567.7	16.6667	52949.1
14.9833	259089	-	-	22.15	54570.8	16.7167	52937.7
15.0167	259113	-	-	22.2	54530.4	16.75	52897.6
15.0667	258814	-	-	22.25	54521	16.8	52905.4
15.1	258765	-	-	22.3333	54449.3	16.8333	52908.2
15.1333	258789	-	-	22.3833	54453.8	16.8833	52920.8
15.1833	258814	-	-	22.4333	54443.6	16.9167	52898
15.2167	258669	-	-	22.5	54371	16.95	52855.2
15.25	257776	-	-	22.55	54360	17	52860.6
15.3	257717	-	-	22.6	54343.3	17.05	52859.7
15.3333	257518	-	-	22.65	54341.1	17.0833	52862.6
15.3667	257132	-	-	22.7	54263.5	17.1333	52853.4
15.4167	257155	-	-	22.7667	54265.3	17.1667	52845.8
15.45	257052	-	-	22.8167	54264.4	17.2333	52842.2
15.4833	257075	-	-	22.8667	54268.1	17.2667	52820.5
15.5333	256966	-	-	22.9333	54264.1	17.3167	52820.8
15.5667	256988	-	-	22.9833	54249.7	17.35	52794.2
15.6	256895	-	-	23.0333	54263.8	17.4	52746.2
15.6333	256714	-	-	23.1	54250.3	17.45	52718.7
15.6833	256704	-	-	23.15	54226	17.4833	52721
15.7167	256661	-	-	23.2	54225.4	17.5333	52628
15.75	256440	-	-	23.2667	54223.6	17.5667	52635.2
15.8	255666	-	-	23.3167	54225.6	17.6167	52639.4
15.8333	255624	-	-	23.3833	54222.2	17.65	52631
15.8667	255312	-	-	23.4333	54193.9	17.7	52467.3
15.9167	255301	-	-	23.5	54114.7	17.7333	52465.8
15.95	255095	-	-	23.5667	54116.4	17.7833	52460.2
15.9833	254345	-	-	23.6167	54112.6	17.8333	52435.7
16.0333	254327	-	-	23.6833	54092.2	17.8667	52425.6
16.0667	254138	-	-	23.75	54052.8	17.9	52435.9
16.1	254077	-	-	23.8	54056.2	17.95	52435.9
16.15	253510	-	-	23.85	54047.3	18	52460
16.1833	253168	-	-	23.9333	54037.6	18.0333	52435
16.2167	253190	-	-	23.9833	54027.2	18.0833	52419.8
16.2667	253010	-	-	24.05	53923.4	18.1167	52430.7
16.3	252952	-	-	24.1	53916.7	18.1667	52430.4
16.3333	252975	-	-	24.15	53908.8	18.2	52386.4
16.3667	252919	-	-	24.2167	53905.1	18.25	52299.1
16.4167	252941	-	-	24.2667	53910	18.3	52301.1
16.45	252963	-	-	24.3167	53903.6	18.3333	52294.8
16.4833	252986	-	-	24.3833	53663.2	18.3833	52304.5
16.5333	252898	-	-	24.4333	53656.2	18.4167	52307.1
16.5667	252618	-	-	24.4833	53649.3	18.4667	52254.9
16.6	252640	-	-	24.55	53651.3	18.5	52260.6
16.65	252664	-	-	24.6	53631.7	18.5333	52241
16.6833	252617	-	-	24.6667	53624.1	18.5833	52208.3
16.7167	252639	-	-	24.7167	53609.5	18.6333	52116.9
16.7667	252513	-	-	24.7667	53613.5	18.6667	52128.1
16.8	252367	-	-	24.8333	53618.6	18.7167	52118
16.8333	252271	-	-	24.8833	53605.3	18.75	52144.2
16.8833	252293	-	-	24.9333	53596.6	18.8	52150.6
16.9167	252282	-	-	25	53590.8	18.85	52072.2
16.95	252269	-	-	25.05	53586.5	18.9	52049.5
16.9833	252291	-	-	25.1	53583.3	18.9333	52036.8
17.0333	252004	-	-	25.1667	53577.7	18.9833	52036
17.0667	251996	-	-	25.2167	53499.4	19.0167	52034.9
17.1	251986	-	-	25.2833	53413.4	19.0667	52044
17.15	252008	-	-	25.3333	53399.8	19.1167	52049.9
17.1833	251925	-	-	25.3833	53396	19.15	52032.6
17.2167	251772	-	-	25.45	53383.7	19.2	52034.8
17.2667	250903	-	-	25.5	53383	19.2333	52036.2
17.3	250709	-	-	25.55	53376.4	19.2667	52027.3
17.3333	250598	-	-	25.6167	53362.9	19.3167	51980.5
17.3833	250523	-	-	25.6667	53359.4	19.3667	51961.8
17.4167	250449	-	-	25.7167	53357	19.4	51954.7
17.45	250469	-	-	25.8	53271	19.45	51923.9
17.5	250113	-	-	25.85	53263.5	19.4833	51838.2
17.5333	250085	-	-	25.9167	53257.3	19.5333	51841.6
17.5667	249780	-	-	25.9667	53256	19.5833	51842.4
17.6	249803	-	-	26.0167	53254	19.6167	51672.6
17.65	249824	-	-	26.0833	53248.1	19.6667	51663.5
17.6833	249841	-	-	26.1333	53232.6	19.7167	51668.3
17.7167	249863	-	-	26.1833	53225.9	19.75	51672.1
17.7667	249828	-	-	26.25	53215.1	19.8	51652.5
17.8	249682	-	-	26.3	53225.2	19.8333	51648.1
17.8333	249661	-	-	26.3667	53224.7	19.8833	51629.4
17.8833	249672	-	-	26.4167	53230	19.9167	51631.3
17.9167	249511	-	-	26.4667	53144.6	19.95	51544.2
17.95	249392	-	-	26.5333	53128.8	20	51476.9
18	249290	-	-	26.5833	53124.1	20.05	51473
18.0333	249200	-	-	26.6333	53126.1	20.0833	51474
18.0667	248976	-	-	26.7	53108.7	20.1167	51445.9
18.1167	248780	-	-	26.75	53109.2	20.1667	51431.8
18.15	248791	-	-	26.8	53114.1	20.2167	51364.3
18.1833	248654	-	-	26.8833	53112.9	20.25	51368.7
18.2333	248665	-	-	26.9333	53088.9	20.3	51371.3
18.2667	248573	-	-	27	53074.2	20.3333	51355.7
18.3	248388	-	-	27.05	53038.7	20.3833	51345.4
18.3333	248212	-	-	27.1	53032.5	20.4167	51311.9
18.3833	248123	-	-	27.1667	53016	20.4667	51311.9
18.4167	248133	-	-	27.2167	52990.4	20.5167	51308.9
18.45	245623	-	-	27.2667	52971.1	20.55	51312.1
18.4833	245423	-	-	27.3333	52962.7	20.6	51286.2
18.5167	245432	-	-	27.3833	52950.8	20.6333	51280.3
18.55	245410	-	-	27.4333	52947.4	20.6667	51273
18.6	245420	-	-	27.4833	52950.7	20.7167	51264.4
18.6333	245358	-	-	27.5333	52950.1	20.75	51261.2
18.6667	244630	-	-	27.6	52945.3	20.8	51260.7
18.7167	244416	-	-	27.65	52938.5	20.85	51251.4
18.75	244426	-	-	27.7	52933.6	20.8833	51253.3
18.7833	244437	-	-	27.7667	52842	20.9167	51266.3
18.8333	244364	-	-	27.8167	52804.2	20.9667	51271.7
18.8667	244340	-	-	27.8667	52793.5	21.0167	51284
18.9	244350	-	-	27.9333	52801.6	21.05	51265.1
18.9333	244326	-	-	27.9833	52793.4	21.1	51263.9
18.9833	244337	-	-	28.0333	52711.2	21.1333	51261.8
19.0167	244281	-	-	28.1167	52715.7	21.1833	51220.4
19.05	244059	-	-	28.1667	52708.2	21.2167	51223.1
19.1	243967	-	-	28.2333	52702.6	21.2667	51222.2
19.1333	243494	-	-	28.2833	52705.6	21.3167	51224.1
19.1667	243469	-	-	28.3333	52699.7	21.35	51227.5
19.2167	243480	-	-	28.4	52682.7	21.4	51228.6
19.25	243156	-	-	28.45	52609.7	21.4333	51235.1
19.2833	243008	-	-	28.5	52576.5	21.4833	51236
19.3333	242917	-	-	28.5667	52568	21.5333	51235
19.3667	242928	-	-	28.6167	52553.8	21.5667	51233.8
19.4	242938	-	-	28.6667	52549.1	21.6167	51231.3
19.45	242948	-	-	28.7333	52543.3	21.65	51061.5
19.4833	242959	-	-	28.7833	52535.8	21.6833	51063.6
19.5167	242893	-	-	28.85	52515.3	21.7333	50986.3
19.55	242690	-	-	28.9	52327.8	21.7833	50985.7
19.6	242192	-	-	28.95	52331.4	21.8167	50986
19.6333	242156	-	-	29.0167	52312.6	21.8667	50985.8
19.6667	242130	-	-	29.0667	52316.6	21.9	50987.9
19.7167	242135	-	-	29.1167	52316.2	21.95	50988.5
19.75	242140	-	-	29.1833	52302.6	21.9833	50984.9
19.7833	242048	-	-	29.2333	52280.7	22.0333	50905.5
19.8333	241986	-	-	29.2833	52282.7	22.0667	50824.6
19.8667	241956	-	-	29.35	52274.3	22.1167	50822.2
19.9	241961	-	-	29.4	52267.3	22.15	50819
19.95	241697	-	-	29.4667	52270	22.2	50816.9
19.9833	241599	-	-	29.5167	52269.6	22.2333	50817.5
20.0167	240812	-	-	29.5667	52260.7	22.2833	50815
20.0667	240648	-	-	29.6333	52255.3	22.3167	50815.5
20.1	240653	-	-	29.6833	52254.5	22.35	50814.6
20.1333	240519	-	-	29.7333	52253	22.4	50816.1
20.1833	240524	-	-	29.8	52245.5	22.45	50817.6
20.2167	240016	-	-	29.85	52244.1	22.4833	50813.8
20.25	239991	-	-	29.9	52250.8	22.5333	50815.1
20.2833	239775	-	-	29.9667	52259.2	22.5667	50817
20.3333	239367	-	-	30.0167	52228.6	22.6167	50819.5
20.3667	239212	-	-	30.0833	52215.4	22.65	50818.3
20.4	239083	-	-	30.1167	52197.8	22.7	50819.2
20.45	238860	-	-	30.1667	52199.6	22.7333	50823.2
20.4833	238777	-	-	30.2333	52179.1	22.7833	50729
20.5167	238782	-	-	30.2833	52174.5	22.8333	50728
20.5667	238558	-	-	30.3333	52159.9	22.8667	50726.4
20.6	238563	-	-	30.3833	52161.3	22.9	50723.4
20.6333	237978	-	-	30.4333	52167.5	22.95	50719.9
20.6833	237983	-	-	30.4833	52160	23	50719.1
20.7167	237764	-	-	30.5667	52150.3	23.0333	50717.9
20.75	237615	-	-	30.6167	52154.6	23.0833	50708.3
20.8	237600	-	-	30.6833	52162.5	23.1167	50701.5
20.8333	237476	-	-	30.7333	52087.1	23.1667	50700.8
20.8667	237480	-	-	30.7833	52076.3	23.2	50620.2
20.9	237340	-	-	30.85	52066.1	23.25	50621
20.95	237312	-	-	30.9	52046.9	23.2833	50617.7
20.9833	237277	-	-	30.95	52049.6	23.3333	50618.4
21.0167	237006	-	-	31.0167	52042	23.3667	50619.6
21.0667	237011	-	-	31.0667	52032.1	23.4167	50615.9
21.1	236789	-	-	31.1167	52034.5	23.4667	50615
21.1333	236570	-	-	31.1833	52039.7	23.5167	50615.1
21.1833	236574	-	-	31.2333	52039.4	23.5667	50598.1
21.2167	236509	-	-	31.3	52043.2	23.6	50587.6
21.25	236277	-	-	31.35	52050	23.65	50586.3
21.3	236149	-	-	31.4	52056.1	23.6833	50509.4
21.3333	236152	-	-	31.4667	52050.3	23.7333	50503.6
21.3667	236157	-	-	31.5167	52039.5	23.7667	50477.3
21.4167	236161	-	-	31.5667	52039.5	23.8167	50477.2
21.45	234575	-	-	31.6167	52034.2	23.85	50479.4
21.4833	234580	-	-	31.6667	52030.4	23.9	50476.4
21.5167	234585	-	-	31.7167	52025.8	23.9333	50398.9
21.5667	234428	-	-	31.7667	52002.7	23.9833	50401.8
21.6	234367	-	-	31.8167	51990.8	24.0333	50402.4
21.6333	234372	-	-	31.8833	51980	24.0667	50397
21.6833	234211	-	-	31.9333	51975.3	24.1	50398.9
21.7167	234171	-	-	31.9833	51987.8	24.15	50397.2
21.75	233994	-	-	32.05	51940.4	24.2	50394.8
21.8	233999	-	-	32.1	51947.6	24.2333	50395.5
21.8333	234004	-	-	32.15	51934.4	24.2833	50398.9
21.8667	233680	-	-	32.2167	51927	24.3333	50399.8
21.9167	233589	-	-	32.2667	51911.2	24.3833	50396.9
21.95	233553	-	-	32.3167	51916.3	24.4167	50399.2
21.9833	233382	-	-	32.3833	51924.4	24.4667	50396.2
22.0333	233229	-	-	32.4333	51928.4	24.5	50399.5
22.0667	233234	-	-	32.5	51939.5	24.55	50401.1
22.1	233208	-	-	32.55	51940.3	24.5833	50395.4
22.15	233079	-	-	32.6	51936.1	24.6333	50395.9
22.1833	233054	-	-	32.6667	51935.1	24.6833	50399.6
22.2167	233027	-	-	32.7167	51929.4	24.7333	50382.1
22.25	232963	-	-	32.7667	51922.8	24.7667	50384
22.3	232416	-	-	32.8333	51915.5	24.8167	50383.3
22.3333	232417	-	-	32.8833	51919.5	24.8667	50382.1
22.3667	232384	-	-	32.9333	51915.8	24.9	50384.1
22.4	231176	-	-	33	51906.5	24.95	50382.2
22.4333	231180	-	-	33.05	51902.8	24.9833	50379.8
22.4667	231080	-	-	33.1167	51898.5	25.0333	50363.2
22.5167	230816	-	-	33.1667	51894.3	25.0667	50366.2
22.55	230786	-	-	33.2167	51898.7	25.1	50370.3
22.5833	230530	-	-	33.2833	51894.4	25.15	50369.6
22.6333	230535	-	-	33.3333	51892.3	25.1833	50363.9
22.6667	230509	-	-	33.3833	51891.5	25.2333	50366
22.7	230443	-	-	33.45	51894.6	25.2667	50289.6
22.75	230377	-	-	33.5	51891.4	25.3167	50286.6
22.7833	230258	-	-	33.55	51888.3	25.35	50281.5
22.8167	230213	-	-	33.6167	51862.9	25.4	50270.5
22.85	230218	-	-	33.6667	51864.1	25.4333	50268.4
22.9	229984	-	-	33.7333	51858.3	25.4833	50258.3
22.9333	229781	-	-	33.7833	51858.9	25.5333	50258.6
22.9667	229786	-	-	33.8333	51839	25.5667	50256.1
23.0167	229598	-	-	33.9	51824.6	25.6167	50255.2
23.05	229603	-	-	33.95	51824	25.65	50252.7
23.0833	229607	-	-	34	51821.9	25.6833	50169.8
23.1333	229184	-	-	34.0667	51822.4	25.7333	50174
23.1667	229189	-	-	34.1167	51819.8	25.7833	50168.5
23.2	229013	-	-	34.1667	51806.5	25.8167	50166.4
23.25	228696	-	-	34.25	51807.7	25.8667	50166.4
23.2833	228638	-	-	34.3	51790.9	25.9	50168.1
23.3167	228643	-	-	34.3667	51773.9	25.95	50167.5
23.3667	228611	-	-	34.4167	51763.5	25.9833	50163.1
23.4	228533	-	-	34.4667	51760.3	26.0167	50164.9
23.4333	228509	-	-	34.5333	51756	26.0667	50162.4
23.4833	228513	-	-	34.5833	51747.3	26.1167	50163.1
23.5167	228518	-	-	34.6333	51668.3	26.15	50156.9
23.55	228457	-	-	34.7	51586.3	26.2	50152.1
23.5833	228332	-	-	34.75	51584.4	26.2333	50153.5
23.6333	227917	-	-	34.8	51577.6	26.2833	50149
23.6667	227465	-	-	34.8667	51578.7	26.3167	50148.3
23.7	227469	-	-	34.9167	51581	26.35	50145.5
23.75	227474	-	-	34.9833	51577.6	26.4	50145.2
23.7833	227261	-	-	35.0333	51569.8	26.45	50146.6
23.8167	227230	-	-	35.0833	51572	26.4833	50150.9
23.8667	227184	-	-	35.15	51574.1	26.5333	50150.1
23.9	227152	-	-	35.2	51572.6	26.5667	50146.3
23.9333	227029	-	-	35.25	51573	26.6	50143.4
23.9833	227034	-	-	35.3167	51538.1	26.65	50134
24.0167	227039	-	-	35.3667	51522.6	26.7	50130.5
24.05	226683	-	-	35.4167	51523.9	26.7333	50128.3
24.1	226688	-	-	35.4833	51523.7	26.7833	50124.9
24.1333	226659	-	-	35.5333	51516.3	26.8167	50124.6
24.1667	226664	-	-	35.6	51518.3	26.8667	50122.3
24.2	226586	-	-	35.65	51511	26.9	50112.8
24.25	226591	-	-	35.6833	51507.4	26.95	50092.4
24.2833	226595	-	-	35.75	51511.2	26.9833	50085.7
24.3167	226600	-	-	35.8	51510.8	27.0333	50082.5
24.3667	226604	-	-	35.8333	51488.4	27.0667	50076.1
24.4	226397	-	-	35.9	51486.8	27.1167	50076
24.4333	226249	-	-	35.95	51485	27.15	50066
24.4833	226251	-	-	36	51486.9	27.2	50064.3
24.5167	226012	-	-	36.0667	51485.9	27.2333	50060.5
24.55	225546	-	-	36.1167	51480.5	27.2833	50059.1
24.6	225307	-	-	36.1833	51479	27.3333	50058.6
24.6333	225135	-	-	36.2333	51472	27.3667	50048.4
24.6667	225138	-	-	36.2833	51470.2	27.4	50047.1
24.7167	225101	-	-	36.35	51473.5	27.45	49967.5
24.75	225066	-	-	36.4	51460.1	27.5	49954.8
24.7833	224998	-	-	36.45	51460.5	27.5333	49955.1
24.8167	224781	-	-	36.5167	51461.3	27.5833	49954.4
24.8667	224543	-	-	36.5667	51460.1	27.6167	49957.2
24.9	224442	-	-	36.6167	51461.8	27.6667	49957.3
24.9333	224321	-	-	36.6833	51463.6	27.7167	49950.4
24.9833	224161	-	-	36.7333	51460.1	27.7667	49931.6
25.0167	224102	-	-	36.8	51460.9	27.8	49907.5
25.05	224018	-	-	36.85	51463.6	27.85	49906.9
25.1	223804	-	-	36.9167	51452.4	27.9	49903.6
25.1333	223732	-	-	36.9833	51441	27.9333	49901.7
25.1667	223734	-	-	37.0333	51443	27.9833	49902.7
25.2167	223672	-	-	37.0833	51440.8	28.0167	49903.8
25.25	223673	-	-	37.15	51440.9	28.0667	49897.9
25.2833	223402	-	-	37.2	51360.7	28.1	49898.3
25.3333	223404	-	-	37.2667	51356.6	28.15	49884.5
25.3667	223191	-	-	37.3167	51340.5	28.2	49884.6
25.4	222780	-	-	37.3667	51343	28.2333	49881.7
25.45	222711	-	-	37.4333	51343.8	28.2667	49884.7
25.4833	222617	-	-	37.4833	51344.2	28.3167	49883.2
25.5167	222550	-	-	37.5333	51345.1	28.35	49882.3
25.55	222023	-	-	37.6	51330.2	28.4	49883
25.6	221926	-	-	37.65	51323.8	28.4333	49880.4
25.6333	221378	-	-	37.7	51321.3	28.4833	49883
25.6667	221283	-	-	37.7667	51314.8	28.5167	49885.9
25.7167	221078	-	-	37.8167	51314.3	28.5667	49886.6
25.75	221080	-	-	37.8833	51314.6	28.6	49888.8
25.7833	220981	-	-	37.9333	51315.8	28.65	49887.8
25.8333	220798	-	-	37.9833	51312.9	28.7	49887.9
25.8667	220662	-	-	38.05	51312.7	28.7333	49885.9
25.9	220629	-	-	38.1	51313.9	28.7833	49886.1
25.95	220553	-	-	38.15	51303.1	28.8167	49885.4
25.9833	220556	-	-	38.2167	51302.3	28.8667	49885.4
26.0167	220489	-	-	38.2667	51297.5	28.9167	49884.9
26.0667	220448	-	-	38.3167	51298.3	28.95	49885.9
26.1	220450	-	-	38.3833	51300.1	29	49884.3
26.1333	220415	-	-	38.4333	51300.4	29.0333	49885.3
26.1667	220286	-	-	38.5	51300.9	29.0833	49885.7
26.2167	220288	-	-	38.55	51299	29.1167	49885.2
26.25	220288	-	-	38.6	51298.7	29.1667	49885.2
26.2833	220099	-	-	38.6667	51299.5	29.2	49885.4
26.3333	220101	-	-	38.7167	51300.3	29.25	49885
26.3667	220040	-	-	38.7667	51300.7	29.3	49884.9
26.4	220042	-	-	38.8333	51299.8		
26.4667	220044	-	-	38.8833	51298.8		
26.5	219691	-	-	-			
26.5333	219611	-	-	-			
26.5833	219507	-	-	-			
26.6167	219509	-	-	-			
26.65	219480	-	-	-			
26.7	219450	-	-	-			
26.7333	219340	-	-	-			
26.7667	218758	-	-	-			
26.8	218760	-	-	-			
26.85	218729	-	-	-			
26.8833	218731	-	-	-			
26.9167	218699	-	-	-			
26.9667	218480	-	-	-			
27	218482	-	-	-			
27.0333	218388	-	-	-			
27.0667	218390	-	-	-			
27.1167	218392	-	-	-			
27.15	218394	-	-	-			
27.1833	218225	-	-	-			
27.2167	218227	-	-	-			
27.2667	218229	-	-	-			
27.3	218116	-	-	-			
27.3333	217978	-	-	-			
27.3667	217762	-	-	-			
27.4167	217728	-	-	-			
27.45	217730	-	-	-			
27.4833	217650	-	-	-			
27.5333	217652	-	-	-			
27.5667	217654	-	-	-			
27.6	217569	-	-	-			
27.6333	217532	-	-	-			
27.6833	217371	-	-	-			
27.7167	217373	-	-	-			
27.75	217302	-	-	-			
27.7833	217305	-	-	-			
27.8333	217272	-	-	-			
27.8667	217063	-	-	-			
27.9	217063	-	-	-			
27.9333	217020	-	-	-			
27.9833	217022	-	-	-			
28.0167	216885	-	-	-			
28.05	216641	-	-	-			
28.0833	216638	-	-	-			
28.1333	216531	-	-	-			
28.1667	216306	-	-	-			
28.2	216308	-	-	-			
28.2333	216310	-	-	-			
28.2833	216312	-	-	-			
28.3167	216247	-	-	-			
28.35	216249	-	-	-			
28.3833	216218	-	-	-			
28.4167	216176	-	-	-			
28.4667	216178	-	-	-			
28.5	216180	-	-	-			
28.5333	215872	-	-	-			
28.5667	215874	-	-	-			
28.6167	215596	-	-	-			
28.65	215598	-	-	-			
28.6833	215556	-	-	-			
28.7167	215558	-	-	-			
28.7667	215493	-	-	-			
28.8	215176	-	-	-			
28.8333	215178	-	-	-			
28.8667	215180	-	-	-			
28.9167	215182	-	-	-			
28.95	215184	-	-	-			
28.9833	214783	-	-	-			
29.0167	214784	-	-	-			
29.0667	214785	-	-	-			
29.1	214513	-	-	-			
29.1333	214514	-	-	-			
29.1667	214447	-	-	-			
29.2167	214448	-	-	-			
29.25	214304	-	-	-			
29.2833	214227	-	-	-			
29.3167	214228	-	-	-			
29.3667	214160	-	-	-			
29.4	214161	-	-	-			
29.4333	214162	-	-	-			
29.4667	214027	-	-	-			
29.5167	214028	-	-	-			
29.55	213817	-	-	-			
29.5833	213818	-	-	-			
29.6167	213776	-	-	-			
29.6667	213213	-	-	-			
29.7	213080	-	-	-			
29.7333	213081	-	-	-			
29.7667	213049	-	-	-			
29.8167	213003	-	-	-			
29.85	212906	-	-	-			
29.8833	212546	-	-	-			
29.9167	212547	-	-	-			
29.9667	212421	-	-	-			
30	212422	-	-	-			
30.0333	212422	-	-	-			
30.0667	212423	-	-	-			
30.1333	212384	-	-	-			
30.1667	211901	-	-	-			
30.2	211808	-	-	-			
30.25	211503	-	-	-			
30.2833	211460	-	-	-			
30.3167	211461	-	-	-			
30.3667	211430	-	-	-			
30.4	211352	-	-	-			
30.4333	211353	-	-	-			
30.4667	211354	-	-	-			
30.5	211355	-	-	-			
30.55	211024	-	-	-			
30.5833	211025	-	-	-			
30.6167	210873	-	-	-			
30.65	210874	-	-	-			
30.7	210717	-	-	-			
30.7333	210550	-	-	-			
30.7667	210551	-	-	-			
30.8	210552	-	-	-			
30.85	210553	-	-	-			
30.8833	210554	-	-	-			
30.9167	210490	-	-	-			
30.95	210226	-	-	-			
30.9833	210227	-	-	-			
31.0333	210227	-	-	-			
31.0667	210228	-	-	-			
31.1	209818	-	-	-			
31.1333	209818	-	-	-			
31.1833	209819	-	-	-			
31.2167	209117	-	-	-			
31.25	209084	-	-	-			
31.2833	209083	-	-	-			
31.3333	209083	-	-	-			
31.3667	209027	-	-	-			
31.4	208982	-	-	-			
31.4333	208839	-	-	-			
31.4833	208840	-	-	-			
31.5167	208649	-	-	-			
31.55	208578	-	-	-			
31.5833	208578	-	-	-			
31.6333	208337	-	-	-			
31.6833	208303	-	-	-			
31.7	208089	-	-	-			
31.7333	208090	-	-	-			
31.7667	208090	-	-	-			
31.8167	207992	-	-	-			
31.85	207992	-	-	-			
31.8833	207764	-	-	-			
31.9167	207765	-	-	-			
31.9667	207692	-	-	-			
32	207693	-	-	-			
32.0333	207693	-	-	-			
32.0833	207657	-	-	-			
32.1167	207437	-	-	-			
32.15	207401	-	-	-			
32.1833	207401	-	-	-			
32.2167	207180	-	-	-			
32.2667	207180	-	-	-			
32.3	207042	-	-	-			
32.3333	207002	-	-	-			
32.3667	206657	-	-	-			
32.4167	206578	-	-	-			
32.45	206479	-	-	-			
32.4833	206316	-	-	-			
32.5167	206220	-	-	-			
32.55	206220	-	-	-			
32.6	206187	-	-	-			
32.6333	205978	-	-	-			
32.6667	205977	-	-	-			
32.7	205977	-	-	-			
32.75	205905	-	-	-			
32.7833	205869	-	-	-			
32.8167	205533	-	-	-			
32.85	205445	-	-	-			
32.9	205446	-	-	-			
32.9333	205414	-	-	-			
32.9667	205414	-	-	-			
33	205414	-	-	-			
33.05	205415	-	-	-			
33.0833	205415	-	-	-			
33.1167	205416	-	-	-			
33.15	205260	-	-	-			
33.2	205071	-	-	-			
33.2333	204980	-	-	-			
33.2667	204980	-	-	-			
33.3	204980	-	-	-			
33.35	204918	-	-	-			
33.3833	204845	-	-	-			
33.4167	204846	-	-	-			
33.45	204778	-	-	-			
33.4833	204736	-	-	-			
33.5333	204736	-	-	-			
33.5667	204737	-	-	-			
33.6	204737	-	-	-			
33.6333	204527	-	-	-			
33.6833	204175	-	-	-			
33.7167	204048	-	-	-			
33.75	203967	-	-	-			
33.7833	203851	-	-	-			
33.8333	203851	-	-	-			
33.8667	203851	-	-	-			
33.9	203851	-	-	-			
33.95	203852	-	-	-			
33.9833	203852	-	-	-			
34.0167	203817	-	-	-			
34.05	203817	-	-	-			
34.0833	203738	-	-	-			
34.1333	203738	-	-	-			
34.1667	203644	-	-	-			
34.2	203565	-	-	-			
34.25	203565	-	-	-			
34.2833	203479	-	-	-			
34.3167	203368	-	-	-			
34.35	203368	-	-	-			
34.4	203368	-	-	-			
34.4333	203281	-	-	-			
34.4667	203281	-	-	-			
34.5	203114	-	-	-			
34.55	203114	-	-	-			
34.5833	203114	-	-	-			
34.6167	203049	-	-	-			
34.65	202916	-	-	-			
34.7	202785	-	-	-			
34.7333	202785	-	-	-			
34.7667	202785	-	-	-			
34.8	202751	-	-	-			
34.85	202751	-	-	-			
34.8833	202751	-	-	-			
34.9167	202716	-	-	-			
34.95	202716	-	-	-			
35	202609	-	-	-			
35.0333	202610	-	-	-			
35.0667	202610	-	-	-			
35.1	202610	-	-	-			
35.15	202610	-	-	-			
35.1833	202518	-	-	-			
35.2167	202518	-	-	-			
35.25	202518	-	-	-			
35.2833	202184	-	-	-			
35.3333	202153	-	-	-			
35.3667	202153	-	-	-			
35.4	201625	-	-	-			
35.4333	201501	-	-	-			
35.4833	201469	-	-	-			
35.5167	201287	-	-	-			
35.55	201224	-	-	-			
35.5833	200994	-	-	-			
35.6333	200992	-	-	-			
35.6667	200992	-	-	-			
35.7	200772	-	-	-			
35.75	200772	-	-	-			
35.7833	200484	-	-	-			
35.8167	200484	-	-	-			
35.85	200484	-	-	-			
35.8833	200484	-	-	-			
35.9333	200452	-	-	-			
35.9667	200398	-	-	-			
36	200320	-	-	-			
36.0333	200280	-	-	-			
36.0667	200248	-	-	-			
36.1167	200248	-	-	-			
36.15	200172	-	-	-			
36.1833	200139	-	-	-			
36.2333	200104	-	-	-			
36.2667	199922	-	-	-			
36.2833	199798	-	-	-			
36.3167	199798	-	-	-			
36.35	199677	-	-	-			
36.4	199677	-	-	-			
36.4333	199643	-	-	-			
36.4667	199643	-	-	-			
36.5	199643	-	-	-			
36.5333	199574	-	-	-			
36.5833	199543	-	-	-			
36.6167	199543	-	-	-			
36.65	199507	-	-	-			
36.7	199507	-	-	-			
36.7333	199092	-	-	-			
36.7667	199093	-	-	-			
36.8	199057	-	-	-			
36.85	198916	-	-	-			
36.8833	198916	-	-	-			
36.9167	198916	-	-	-			
36.95	198847	-	-	-			
37	198847	-	-	-			
37.0333	198461	-	-	-			
37.0667	198460	-	-	-			
37.1	198427	-	-	-			
37.15	198427	-	-	-			
37.1833	198354	-	-	-			
37.2167	198354	-	-	-			
37.25	198321	-	-	-			
37.2833	198198	-	-	-			
37.3333	198064	-	-	-			
37.3667	198064	-	-	-			
37.4	198064	-	-	-			
37.4333	198064	-	-	-			
37.4833	197896	-	-	-			
37.5167	197896	-	-	-			
37.55	197896	-	-	-			
37.5833	197776	-	-	-			
37.6333	197776	-	-	-			
37.6667	197697	-	-	-			
37.7	197697	-	-	-			
37.7333	197697	-	-	-			
37.7667	197698	-	-	-			
37.8167	197621	-	-	-			
37.85	197585	-	-	-			
37.8833	197585	-	-	-			
37.9333	197400	-	-	-			
37.9667	197335	-	-	-			
38	197235	-	-	-			
38.0333	197191	-	-	-			
38.0833	197192	-	-	-			
38.1167	197127	-	-	-			
38.15	197127	-	-	-			
38.1833	197127	-	-	-			
38.2333	197127	-	-	-			
38.2667	197127	-	-	-			
38.3	197127	-	-	-			
38.3333	197095	-	-	-			
38.3833	197055	-	-	-			
38.4167	197055	-	-	-			
38.45	197055	-	-	-			
38.4833	197021	-	-	-			
38.5333	196906	-	-	-			
38.5667	196906	-	-	-			
38.6	196827	-	-	-			
38.6333	196793	-	-	-			
38.6667	196793	-	-	-			
38.7167	196793	-	-	-			
38.75	196688	-	-	-			
38.7833	196688	-	-	-			
38.8167	196628	-	-	-			
38.8667	196628	-	-	-			
38.9	196595	-	-	-			
38.9333	196595	-	-	-			
38.9667	196527	-	-	-			
39	196309	-	-	-			
39.05	196309	-	-	-			
39.0833	196309	-	-	-			
39.1167	196309	-	-	-			
39.15	195791	-	-	-			
39.2	195752	-	-	-			
39.2333	195689	-	-	-			
39.2667	195689	-	-	-			
39.3	195689	-	-	-			
39.35	195689	-	-	-			
39.3833	195657	-	-	-			
39.4167	195657	-	-	-			
39.45	195657	-	-	-			
39.5	195617	-	-	-			
39.5333	195584	-	-	-			
39.5667	195359	-	-	-			
39.6	195326	-	-	-			
39.65	195326	-	-	-			
39.6833	195326	-	-	-			
39.7167	195280	-	-	-			
39.75	195280	-	-	-			
39.8	195248	-	-	-			
39.8333	195248	-	-	-			
39.8667	195248	-	-	-			
39.9	195248	-	-	-			
39.95	195248	-	-	-			
39.9833	195208	-	-	-			
40.0167	195208	-	-	-			
40.05	195138	-	-	-			
40.1	194941	-	-	-			
40.1333	194941	-	-	-			
40.1667	194783	-	-	-			
40.2	194745	-	-	-			
40.25	194745	-	-	-			
40.2833	194710	-	-	-			
40.3333	194664	-	-	-			
40.3833	194601	-	-	-			
40.4167	194601	-	-	-			
40.4333	194502	-	-	-			
40.4667	194502	-	-	-			
40.5	194470	-	-	-			
40.55	194470	-	-	-			
40.5833	194436	-	-	-			
40.6167	194253	-	-	-			
40.65	194219	-	-	-			
40.6833	194219	-	-	-			
40.7333	194154	-	-	-			
40.7667	194154	-	-	-			
40.8	193766	-	-	-			
40.85	193766	-	-	-			
40.8833	192224	-	-	-			
40.9167	192051	-	-	-			
40.95	192017	-	-	-			
41	192017	-	-	-			
41.0333	191980	-	-	-			
41.0667	191868	-	-	-			
41.1	191836	-	-	-			
41.15	191792	-	-	-			
41.1833	191760	-	-	-			
41.2167	191760	-	-	-			
41.25	191760	-	-	-			
41.3	191760	-	-	-			
41.3333	191760	-	-	-			
41.3667	191722	-	-	-			
41.4	191654	-	-	-			
41.4333	191574	-	-	-			
41.4833	191537	-	-	-			
41.5167	191537	-	-	-			
41.55	191537	-	-	-			
41.6	191537	-	-	-			
41.6333	191537	-	-	-			
41.6667	191357	-	-	-			
41.7	191257	-	-	-			
41.7333	191257	-	-	-			
41.7833	191187	-	-	-			
41.8167	191083	-	-	-			
41.85	191017	-	-	-			
41.8833	191017	-	-	-			
41.9167	191017	-	-	-			
41.9667	191017	-	-	-			
42	191016	-	-	-			
42.0333	191016	-	-	-			
42.0833	190985	-	-	-			
42.1167	190985	-	-	-			
42.15	190892	-	-	-			
42.1833	190892	-	-	-			
42.2333	190854	-	-	-			
42.2667	190854	-	-	-			
42.3	190855	-	-	-			
42.3333	190855	-	-	-			
42.3667	190855	-	-	-			
42.4167	190855	-	-	-			
42.45	190855	-	-	-			
