28428 2813 100791 
28428 2813 100791 
61159 72001 110564 30941 112 479 37 1599 15935 31 121 458 25 223 311 204 154 139 2 12793
74882 74861 110564 214 137 155 168 685 119 232 995 2580 25 650 37 18706 37 61 199 17 137 32 28 1430
65819 63884 110564 123 33 309 429 172 33 486 23 3021 3021 23 30941
44667 12475 110564 9018 1832 142 29 184 31 132 72 62 558 207 2698 525 37 35044
8945 26192 114253 14073 100 472
1 4367 114253 322 472 28 565 261 53 80 14 8722 14 73 330 12590 558 39 5 312 72 110 2621
10836 41876 114253 8872 44 473 275 1377 237 308 129
26455 41876 114253 373 1653
8945 41876 114253 185 30941 73 5 346 267 100 472
26455 41876 114253 1653 373 40 472 25687 684
26455 9678 114253 173 3124 51 12 15935 73 418 308 1305 46 748 12 62 172 11506 33823 12 109 584 4631 1653 684
8945 9678 114253 1305 133 313 37 51 30941
19408 9678 114253 113 308 106 100 1305 472 1342 267 82 1700 119 576 22719 8872 510 100
26455 9678 114253 100 1305 63 2546 3069 684
10918 7201 114253 1561 214 40 189 27 68 15368 505 113 30941 109 624 72 799 746 1215 143 4338 952 172 1075 15935 952 13898 4338 160 46 10 1541 8872 1257 35538 687 818 30525 129 129 36 25 36 25 250 250 129 32 332 59 373 373
1 7201 114253 472 1561 39 1361 20 1253 117 108 117 70 18706 15947 166 2390 339 462 548 36 1048 109 128 38 61 674 122 1065 46 1147 674 1048 968 497 8872 28 697 160 1441 160 49 12 291 4778 219 983 25 545 549 28 38 550 222 327 5309 46 54 4778 649 936 476 308 103 341 46 9356 103 1361 308 10 232 46 218 46 35 213 337 232 275 130 295 49 324 779 419 116 103 550 25827 28 18 4778 3548 103 339 103 1309 27 78 46 109 318 358 190 462 341
1 7201 114253 1561 54 10 927 97 31 190 113 27 27
26455 7201 114253 73 291 318 63 746 17 1561 275 22 2022 207 31 2699
8945 7201 114253 1561 30941 1570 102 54 79 4365 6 50 1178 986 870 10 267 269 2210 647 73 57 20608 275 63 27 472
9678 7201 114253 1561 17 25687
15291 4367 114253 1436 173 5174 109 746 746 38282 362 591 38282 346 185 109 746 38282 147 257 313 38282 38282 109 38282 38282 109 60 73 38282 674 38282 325 38282 38282 109 38282 38282 211 1896 989 5 849 46 1896 3135 989 129 38282 143 746 490 219 5514 6504 30973 12696
26455 15291 114253 12243 989 746 1896 15 275
8945 15291 114253 12243 952 31 952 746
7201 9678 114253 1305 97 10 37 373 472 73 40 453 170 90 80 90 78 110 170 266 444 154 213 156 1426 109 110 1561
26455 7201 114253 1561 373 275 17 5 190 149 73
9678 7201 114253 29325 113 1756 80 1561 2020 723 2020 13958 15935 3986 151
1 4852 114253 760 2481
6229 9437 114253 33 22 250 1283 3705 7080 113 173 267 96 96 238 170 318 170 100
1 9437 114253 113 131 2 58 113 211 932 46 288 1362 113 236 113 444 1579 113 2876 250 3277 172 507 3711 36 340 31 95 3299 170 325
2198 9437 114253 58 113 113 2717 160 436 499 315 1424 20069 676 3251 238 130 8872 113
9082 9437 114253 28 1381 964 2226 113 444 17 5 586 1006 821 280 4502 9 2044
1 4367 114253 770 52 607 82 8872 113 372 113 444 2788 4995 531 1843 80 926 927 1548 2587 498 182 54 113 48 3033 453 23
2198 4367 114253 1381 497 497 33 3233 2371 159 9449
6229 8516 114253 770 1803 117 262 11 3648 2751 6107 2307 1823 79 60 10 3274 2 113 170 170 100
9560 4367 114253 977 501 1419 307 3023 335 37 501 199 2949 704 15 1419 1060 533 2949 7617 4748 5424 700 412 164 313 1314 2949 649 70 386 152 39 3461 249 353 23 181 119 1314 143 31 79 275 266 39 1314 12 315 1314 109 17 39 232 536 1112 583 1112 23 39 1041 1794 3420 109 114 11671 109 879 1314 360 1203 5 5257 109 337 109 819 23467 291 1314 1006 1124 288 12 20 96 22 5 22285 275 15541 145 1840 1479 104 3676 6 1606 4764 419 4655 10 70 190 340 6329 291 1314 1188 23467 46 288 144 147 1080 573 499 137 137 8750 5327 10 748 125 499 25023 161 748
3166 9678 114253 1305 282 269
10836 9678 114253 1305 373 445
21287 4367 114253 73
9943 4367 114253 1381 5 376 629 109 66 24930 35 129 50 50 7 45 25 36 488 39703 53 250 717 37 38632 133 6 503 5 275 183 201 50 20499 13336
9943 8516 114253 1803 31 1427 3234 8934 31 259 2501 1190 1190 259 46 259 1319 15 1776 307 3676 1427 259 307 31 607 259 233 307 27878 526 37 1316 418 259 1061 22 1061 673 1061 275 1061 73 1061 83 913 5 1061 410 267 1061 1061 628 13752 1061 967 648 267 6961 1061 480 259 307 46 259 307 233 2230 233 1043 1287 68 1257 473 206 835 259 8697 36 87 4183 259 259 223 2427 259 13336
8516 4367 114253 13336 13898 219 404 139 3112 1123 3308 1381 82 35 108 1803
9943 4367 114253 30941 375 1264 7896 83 27 952 428 553 281 1159 210 860 159 494 28563 339 61 9 679 141 5 860 13336
6363 10325 114253 692 172 8027 217 2887 1768 114 385 1768 4744 349 2703 3625 1153 1661 33099 1302 328 201 328 9622 18706 385 3625 154 66 8 461 353 23 2600 217 334 372 103 27 569 10829 1124 1768 2600 211 121 1768 569 10829 60 15368 327 548 103 337 327 31 8872 25 702 1768 40 160 149 885 952 12 2207 39319 53 1768 351 258 78 10829 4441 28244 218 114 1317 38 46 7899 5855 12915 74 96 1359 2185 42378 4365 2703 161 106
9560 4367 114253 13336 24220 449 31 259 125 90 30941 3817 296
10918 9678 114253 1305 70 3456 531 826 480 31 3345 31 170 159 1316 3686 37 768 421 2960 109 31 113 499 2 8872 83 498
10836 4367 114253 57 447 199 36 2 214 36 109 1004 17
1 4367 114253 450 173 72 9493 121 586 172 30941
10918 4367 114253 372 68 450 128
8945 4367 114253 30941 450 103 115 785 82 54 142 165 950 291 207 2341 96 125 161 340 876 2938 1100 80 22 785 124 752 25 472
10918 4367 114253 432 9086 271 122 51 952 4365 973 826 159 218 553 6665 59 98 17 17 536 450 140 450 218 553 6665 441 473 1491 1695 4365 386 1041 27 15935 1996 2302 2283 880 159 128 250 227 1084 227 219 372 1274 218 1436 957 809 377 275 1801 557 373
24961 4367 114253 6870 1409 2622 1283 30941 607 450 128 1409 4080 341 218 250 317 128 100 61
1 9678 114253 1305 15947 54 54 519 2 964 99 1458 1496 20608 13958 312 4418 3609
28064 9678 114253 367 1305 116 417 275 11506 811 53 267 275 346 550 73 346 275 1700 36 100 706
10836 4367 114253 90 135 25687
10836 9678 114253 40116 1305 109
26455 9678 114253 73 61 18 399 73 1305 15935 15
19408 9678 114253 1305 68
3074 9678 114253 8872 25687 1305 373 12 73 37 68
26455 9678 114253 1305 1653
1 9678 114253 25687 60 322 1305 54 410 385 72 1121 334 341 257 103 1124 2009 227 58 7764 2396 82 279 9 346 9 919 1359 25827 538 1569 410 143 25827 10 402 31 261 1246 511 515 116 6 46 288 25827 33 27 25827 304 184 206 22 46 353 103 82 771 116 160 116 1559 96 133 189 60 137 402 103 713 222 3285 295 182 402 346 654 251
21564 4367 114253 30941 11506 36 13359 711
27235 4367 114253 214 12 38 116 2553 7656 660 498 317 8 1387 12 275 25 109 100 27 706 172 100 5 32 628 116 2553 660 62 33823 12
8945 4367 114253 15935 5308 675 704 675 100 275 968 550 100 149 3345 675 2546 23 3069 675 1116 525 1116 525 675 1665 5 30941 100 149 3345 42948 675 362 557 7322 675 5 337 2 7421 3790 5 6806 675 11506 1069 516 107 10350 7322 675 1700 675 1700 29 122 18706 675 275 46 3345 675 2247 675 654 346 46 748 7576 675 675 2259 675 5 311 5 109 1959 557 1214 675 167 490 533 267 1177 315 4571 675 151 275 11 3345 675 83 557 10 10 462 8736 3609 675 11 275 1045 2748 9 346 1045 5460 1045 1045 88 3574 7322 5131 675 161 275 1045 7322 4002 675 11697 675 25827 275 88 23692 675 12309 432 3790 675 49 88 3448 2517 702 362 2259 1188 190 3345 675
15291 7201 114253 1561 30941
10836 4367 114253 36 1275
10918 9678 114253 1305 1077 357 3365 60 18 37 57 1555 73 25 991 82 2809 598 809 1555 97 450 18 1075 952
8945 10918 114253 9490 17 318 82 401 267 275 100 472
8945 35112 114253 182 964 184 1556 629 40 6287 31 163 151 163 163 1507 51 42440 60 190 3115 30941
6134 4367 114253 1381 2590 87 211 372 913 275 267 605 2793 337 275 151 402 50 78 149 800 66 50
4936 1 114253 199 878
1 4367 114253 3112 115 18 181 58 1678 349 6 15935 11506 400 2679 6707 728 210 6 222 352 353 372 5 258 18
1 4367 114253 3112 3112 501 18 36 6 25 30941 1419 985 793 18 38 233 308 11 1419 42440 1215 1419 18 1320 119 1008 60 1248 983 607 11481 109 2909 8 181 248 123 339 181 39 149 880 785 402 51 11 2379 181 233 74 181 1269 37957 3027 2909 1393 6995 11 114 2 8 1653 247 1419 1068 22 40 494 46 275 1678 2497 254 10 218 390 712 468 2367 2032 2032 215 25 207 40 1248 207 65 1248 207 103 4554 31 15 37 2032 139 2580 927 114 605 346 3230 952 119 1157 353 381 2580 31282 378 291 291 114 82 2674 82 8 18 249 86 357 20 8 1312 275 262 131 54 46 386 11506 2031 1419 8 386 386 8 82 8872 497 176 2793 35 337 5 315 267 33 4209 811 32 61 1157 248
1 6134 114253 415 275 1700 415 3299 190 190 190 30941 9 257 5098 98 113 291 1006 2182 337 896 38 184 247 22 44 1006 144 3112 501 337 213 287 605 218 207 88 3154 2326 605 3893 210 327 28244 98 291 131 147 124 1149 28244 813 247 1490 20 119 25 673 2286 339 8 39 2541 1101 878 1048 7617 73 181 10875 32 206 10 12 42440 25941 291 1847 20608 88 397 168 3609 131 147 2399 23 42440 131 761 9 3817 1327 78 100
2177 2034 114253 296 1393 165 2524 114 60 95 200 119 8 457 339 476 95 184 658 417 95 1555 399 113 1381 1424 8872 35 7151 210 130 38 166 986 15935 23 1040
6999 35112 114253 1381 30941 2302 28563 44 2703 176 2793 337 1042 267 9586 103 356 139 1208 22189 386 38282 49 78 339 862 13898 30941 64 1516
8516 4367 114253 1381 30941 172 211 894 275 13898 76 11409 142 132 262 275 346 2590 12 2008 12 372 349 173 1640 79 370 383 282 959 858 70 312 858 858 160 166 1340 328 66 63 370 383 370 339 249 704 569 339 858 249 372 115 1803
1 8516 114253 1803 1516 383 2181 1803 1246 291 337 858 60 10500 2118 35 232 1516 1447 629 29 254 1084 141 5922 5 337 291 1516 36 113 964 33823 1257 113 247
7773 4367 114253 172 10 477 1216 656 5402 315 10 54 122 114 2 346 1269 72 359 25 259 2683 11827 1178 262 259 552 3112 31 3112 147 207 549 130 82 147 9743 346 311 185 257 5098 161 5098 57 3386 61 7943 31282 15947 76 311 37 22 6 3112 12590
7201 6999 114253 1381 113 257 549 12 17 1516 257 919 1447 65 4435 28 3163 42440 123 1017 1017 356 210 33 18 8 356 33 339 12 2207 771 867 18 18706 10 95 356 1211 474 1798 49 10142 163 546 2 2 474 8 18 356 356 18706 73 1017 3163 8 73 8 771 867 73 771 46 18 25687 356 356 474 278 356 334 324 33 18 5948 33 356 73 771 1077 256 88 1474 1546 550 50 129 197 281 356 10564 114 4502 1424 4502 1381 1381 8872 35 7151 1424 1381 113 754 754 46 2703 113 894 754 46 288 113 986 7 444 113 30941 131 2865 254 113 754 212 1228 2703 218 428 63 25827 113 154 1381 113 62 1381 113 1362 294 2703 113 113 25 131 113 2703 113 754 113 754 9 212 754 1356 9 82 10564 130 38 166 986 35 113 11244 30941 113
1 7201 114253 1561 1006 22 119 211 526 62 549 12 262 5943 7649 30941 11506 30941 262 25 129 964 2628 964 113 8872 112 2737 1272 113 262 707 337 1424 4091 334 1120 531 889 1804 1107 236 113 793 964 113 586 31 1006 311 254 337 795 4435 44066 129 44066 1283 275 42948 25 8872 15935 553 281 679 453 113 11506 337 399 38 161 76 9 12 364 44 3533 9 267 477 152 44 481 8407
1 4367 114253 688 161 98 23 1163 3468 35 2405 156 199 10 15935 356 748 125 73 628 36 20 54 622 386 152 20 275 114 54 46 15 60 337 673 254 99 558 748 10 558 748 10 18814 622 29 10 10 1496 1496 5492 133 20 161 29 376 15935 1163 12 1569 12 263 952 679 38 73 477 364 100 688
3166 9678 114253 706 1305 684 269
21564 9678 114253 1305 706 17 711
19408 9678 114253 1305 197 281 10122 2703 281 218 7322
19408 6363 114253 1840 17 447 1700 109 25827 140 44066 654 275 100
26702 4367 114253 119 867 113 82 114 61 410 31 227 119 98 61 212 114 180 23 18 1077 308 50 1344 223 41052 546 115 644 1320 178 405 1258 644 35 8 49 114 731 61 10 405 82 190 61 339 462 50 335 672 341 296 480 100 61
9678 4367 114253 113 83 1756 82 110 61
10836 4367 114253 87 424 207 318 161 51 214 36 161 31 266 537 918 1756 227 3457 934 10043 2259 25 748 311 651 145 3383 702 2259 29253 9231 2247 3112 2737 622 7094 3112 311 10 746 444 15935 36 625 143 984 771 10 1080 26023 6868 54 161 57 188 225 225 1541 353 10 95 31 116 8394 702 109 1091 516 474 36 76 3383 311 100
1 9678 114253 1305 61 341 10 33 10 4532 5592 20469 10 28 10 25023 269 5237 74 706 507 72 10 919 126 565 79 22 61 143 46 657 536 32 73 1215 2541 2126 130 986 176 2230
10918 9678 114253 133 15368 281 1305 2206 35044 984 771 199 1274 68 102 10 131 628 340 259 3112 386 2523 33099 267 748 76 748 18706 140 8 964 2737 16324 199 798 31390 798 31390 798 5631 1716 492 984 798 9601 984 112 798 1716 492 719 321 798 984 798 267 51 1644 266 114 4212 8 61 27 90 464 5022 1080 498 154 9465 65 87 340 33 3383 311 1361 353 38 337 6 1693 207 68 2919 36 20 79 9 9465 154
1 9678 114253 2 1312 2 1305 357 233 17 28 546 497 1625 28 357 701 110 964 17 1048 219 330 1625 2 151 190 95 865 5 57 2 2 20608 711 31 113 31 190 346 358 610
10918 4936 114253 6 24930 1477 4073 4778 281 952 113 119 472 113 1555 1885 549 550 952 1700 1274 129 129 706
8945 4367 114253 235 41417 25687 8872 8872 100 275 415
8945 4936 114253 25 3752 991 245 275 25 3752 991 1665 25 3752 3190 22 1045 2519 282 2519 1004 2519 2519 18836 311 131 706
8945 4936 114253 278 109 49 60 282 313 6868 313 6868 1996
73492 4367 114253 1343 25 25827 188 38 583 36 87 607 2703 324 7518 25827 4365 189 458 458 15543 458 1329 1391 251 952 1311 20 1208 2703 1847 553 281 54 173 227 414 852 905 61 413 354 1112 119 249 5308 357 38469 1734 12 1287 275 256 8131 748 33 36 8229 57 15935 1208 5308 189 476 1316 100
9560 4367 114253 30941 95 275 22 15935 692 15935 108
7697 9560 114253 96 275 9359 2210 73 267
9560 4367 114253 2674 2674 54 109 233 3299 114 54 25 161 278 2674 15935 114 18706 10854 2126 362 18706 82 44066 10 6653 18 135 6906 1446 106 1089 15543 74 2427 1467 207 6906 10 595 117 1432 575 8872 8872 340 28244 1795 375 3609 30499 10353 10 275 386 654 313 386
6229 35112 114253 345 8872 748 1270 332 33 2773 1373 18706 679 6918 4847 421 12868 50 167 18706 34257 19605 2527 6732 18 575 15116 16911 128 679 38 96 52 1205 1996 18 575 1774 22764 14313 612 383 3428 19605 16911 4509 19722 1229 5338 3247 9 223 10 253 242 419 531 656 418 1019 199 1379 2 5673 7062 8709 223 58 242 3949 190 444 11904 15 242 159 689 217 204 48 83 498 655 122 102 57 468 57 22 33 251 3297 154 33 1219 219 2330 1381 876 25 27 96 72 206 36 1068 2192 281 21072 431 3163 468 25 281 73 20 17 1801 100
9943 4367 114253 313 16701 103 65 4365 114 210 290 54 48 259 30941 237 197 197 503 131 206 73 3253 16082 160 65 27 28 318 5244 103 1051 58 1556 1391 49 865 129 87 87 593 1391 236 22 15368 9046 345
9560 4367 114253 128 295 12590 20 31 464 35 129 2118 10 880 785 345 656 418 182 90 129 44 14 82 54 9 41 103 311 14 6671 515 80 211 5094 1060 934 10043 7518 3457 25 98 3457 210 46 7295 98 44 7471 247 46 41 1060 152 15935 1750 22 119 98 1387 59 98 36 76 692 295 233 100 61
9943 4367 114253 1381 161 98 2788 526 176 49 291 6034 68 22 3457 1258 325 159 1208 771 3388 441 999 748 865 1208 131 1101 748 1447 415 1801 1224 748 748 5031 46 2766 702 332 702 651 49 10 82 267 628 159 334 147 147 1347 24017 785 214 473 531 1625 82 25827 114 1080 214 2643 82 785 213 1069 660 1069 6125 70 1069 495 2766 311 79 5584 531 3866 3866 1224 250 250 151 10 257 24017 4662 1178 46 495 2766 311 20 495 2766 311 8 114 13236 1267 3137 60 88 73 1075 441 17 3866 119 143 22 31 7 550 38138 2527 1996 1215 33 59 35 129 10 152 38 38 62 495 15 257 213 1429 2185 57 38138 79 73 499 1349 7 8131 61 61 13336
9560 4367 114253 345 38 129 166 117 531 495 275 410 842 103 27540 10658 2179 18 7755 17 50 1847 1734 29 31 2179 507 339 213 114 35 1387 8 537 63 4610 3482 2179 18 115 2882 20 813 15368 98 20 18 722 30941 2486 35 2 4356 436 703
9560 4367 114253 1124 199 1107 4569 1084 25827 98 126 155 32 238 3338 418 14214 88 6 379 2488
6229 4367 114253 345 5718 18 575 4361 96 200 332 25 36259 415 3485 60 415 14313 176 2919 18 332 82 313 115 1996 103 119 249 51 259 2 1410 170 25827 8 103 44 61 10971 19455 285 3006 160 294 159 53 28244 100
9943 4367 114253 140 159 119 867 362 959 36 3345 1321 15935 651 464 476 732 25 109 5 275 121 15935 1003 109 107 227 525 15541 13336
9943 8516 114253 1803 13898 826 352 140 404 139 352 481 48 25 259 13336
8492 4367 114253 172 447 501 2683 74 356 2308 98 325 70 339 2474 2 1112 3451 225 46 7420 74 225 325 325 159 674 96 160 357 1226 1621 114 262 109 691 74 2 225 262 130 112 2709 165 913 8872 275 356 8
9323 4367 114253 13958 113 31 113 97 95 95 95 1026 1272 106 161 1272 61 1026 25023
9943 4367 114253 113 51 152 262 25023 113
9560 4367 114253 13336 17493 166 986 123 1843 6 141 232 170 44 128 190 2703 113 10 307 33 1734 256 5 256 5 267 18 8209 44066 4002 100
9943 8516 114253 1803 161 173 6 1381 46 113 31 352 339 90 114 3614 612 18706 991 18706 20 651 114 1226 147 2875 114 29 1101 218 2523 428 46 131 180 267 628 147 257 749 42948 233 1621 1621 10875 325 190 18706 999 129 722 190 147 113 50 722 172 141 557 72 159 5095 267 418 24311 159 22 1381 13336
6229 4936 114253 13336 137 414 139 137 217 2820 46 137 137 285 459 217 115 674 42440 655 116 51 48 53 481 431 2828 259 36 3579 259 1068 1317 417 29 254 37 99 777 176 10 245 275 2737 113 444 10 1317 415 1700 497 968 497 724 722 549 10 20499 88 27 108 65 27 130 60 46 51 82 46 90 37 28244 100
9943 8516 114253 1803 964 20499 82 109 10 245 50 115 49 30941 172 13336
9560 4936 114253 724 722 549 10 98 79 96 607 100 61 176 10 245 275 2737 114 54 583 96 60 7 25628 1068 245 79 2399 10 236 102 59 794 2865 30941
9584 4852 114253 30941 275 31 10 62 494 10 1257 2 722 103 318 1068 952 304 5514 27 5514 1004 968 100 976 760
9943 4936 114253 1381 176 905 207 1257 421 586 5 1473 2703 103 3297 218 401 97 401 401 27 3297 296 453 233 129 27 119 27 237 119 2166 65 6739 10 166 1694 103 78 28 405 51 3051 413 3051 45 3644 68 895 58 1257 210 515 970 212 31 3297 141 590 450 232 1446 141 516 605 605 36 1203 49 281 10 212 679 15368 492 223 19013 49 493 10 223 103 114 23 114 1104 3299 60 114 103 60 114 7 114 114 1288 106 114 114 23 4529 27 2686 915 59 557 1070 152 54 11506 2602 1156 3297 160 51 3297 2587 3297 49 63 11506 110 110 10 318 110 159 110 27 2602 895 257 672 11847 672 27 27 249 106 65 3297 38 275 2763 1158 492 3664 15325 492 2481 103 6 307 275 10 119 78 27 185 11 6 27 27 65 217 2986 2986 167 2166 52 1855 141 9 23 65 103 10 46 402 257 25827 546 213 24311 998 1068 190 122 1381 79 477 97 2 79 60 122 50 419 114 732 199 79 73 10 33 245 131 25827 2703 152 102 2686 152 36 61 61 1449 98 38138 159 986 952 25 3817 22 7115 31 159 124 168 275 100 225 1359 1069 2737 345
7697 4367 114253 4836 82 2703 13958 267 73 61 250 147
9560 4367 114253 30941 768 124 10 38632 9359 143 9359 2 1393 605 9359 54 79 791 339 54 239 3664 291 236 125 402 50 50 88 88 16082 80 952 73 239 1437 257 4435 225 119 1124 2006 1527 2770 731 952 123 3363 80 952 40 119 237 73 917 1012 955 160 151 2379 181 97 2851 29 917 4023 8 181 372 70 8 4023 12 654 8 9 13898 8872 411 13958 131 362 12884 25941 42440 18 74 18008 1345 42440 123 184 17 25827 5 2364 964 15935 5971 3945 143 14 18 2637
10918 35112 114253 472 17 6287 73 190 3115 432 49 90 54 37 113 22 123 37 1041 149 558 73 73 269
26455 6353 114253 214 275 399 73 5 706 214 275 399 373 472 190 15947 149 706 110
8945 36102 114253 63 30941 22 18179 18071 219 14068 64 53
8945 3439 114253 212 4452 214 275 190 576 16324 149 706
8945 36102 114253 212 8872 2203 472
26455 4936 114253 415 5 275 399 61 29 771
26455 6353 114253 1761 1761 472 1359 15947 40 5 346
10918 6353 114253 133 281 281 1132 15947
8945 4367 114253 15935 35 25827 182 650 311 18706 20 1080 25023 317 415 991 13704 304 100 472
102206 4367 114253 348 113 311 271 459 330 468 1425 982 432 254 3582 113 2703 1446 173 17 29
102206 101027 114253 348 2376 113 15 7 113 852 2703 44 44066 2674 212 1700 83 113 131 642 12 260 1847 36 4554 232 57 895 400 184 224 29 7 40 9 708 15 315 4729 3237 6264 526 22 107 296 12590 17178 275 4415 13957 37 9803 4849 1568 17 172 36 507 140 154 161 748 2477 2226 49 233 57 358
25727 29252 114253 348 2975 172 349 349 102 98 46 4608 15 27 349 131 15 553 28156
28064 4936 114253 97 275 165 100
10918 4367 114253 658 60 9081 415 207 223 415 6 15935 1731 8976 379 553 172 1048 275 25 476 308 771 2527 1566
9678 6625 114253 73 1150 367 44066 109
10918 6625 114253 68 367 48 1150 367
1 9678 114253 1305 207 339 185 51 54 419 278 18706 129 25827 68 921 28 129 79 18706 1458 121
10836 9678 114253 1305 533 1278 261 266 54
21564 9678 114253 1305 82 54 312 275 717 37 312 219 711
3166 9678 114253 1305 109 212 68 684 269
10836 9678 114253 1305 145
26455 68007 114253 8872 73 109 44066 684 214 275 706
69834 4367 114253 95 12361
60598 4936 114253 8872 10 25 11506 54 386 267 3775 399 131 410 1080 317 10 10 964 464 341 983 275
69834 71864 114253 17 346 190 95 149 73
73492 4367 114253 1361 7 172 275 8 2684 147 25 1733 33099 984 275 694 419 304 917 419 275 267 275 112 275 2737 275 1454 6868 525 10 968 771 26883 100 100
79163 71864 114253 421 415 399 149 73 706
73492 26455 114253 113 113 60 100 1359 7518 1216 100
26455 4367 114253 472 267 346
8930 4936 114253 415 9081 106 5 1555 660 20608 275 80 10 20608 79 275 842 4340 100 706
44734 1 114253 12 275 731 116 534 23 17 51 38 214 417 116 12 851 73 337 510 10 3153 444 275 480 9 3188 100 68 1080 991 1700 275 706
26455 9678 114253 1305 110 214 275 346 79 373 399 212 706
8945 9678 114253 1305 63 505 110 54 74 472
26455 6353 114253 373 40 25687 318 15947
19261 6353 114253 214 207 15947 207 82 373 51 44066 36 8872 245 2623
41029 6625 114253 214 239 73 1150 17 9 107 68 106 3468 145 3904 5 304 10 145 5 8872 5 36 8872 44 337 754 214 17 12
41029 6625 114253 212 12 1150 673 107 68
26455 6625 114253 1150
26455 6625 114253 1150 851
31753 6625 114253 1150
7603 9815 130307 905 1775 356 25827
9815 28479 130307 903 899 432 10
10475 11207 143567 14905 579 108 722 154 100 559 18706 133 11206 449 122 579 108 10353 176 185 449 114 4506 49 117 65 2390 51 281 870 60 5 60 23219 296 259 482
10475 10456 143567 11206 5638 152 432 143 723 1016 3709 2251 12992 279 29 18706 59 1766 495 245 27
10185 10600 143567 4535 154 8872 3404
10185 3290 143567 59 2840 2045 54 30941
3290 9898 143567 7581 74 7 72 72 9 227 140 449 553 665 262 690 1096 690 64
10384 9898 143567 7581 29 108 206 178 11 1407 1407 207 1731 10 14 307 50 239 7645
3281 10029 153094 299 2610 353 190 25827 25827 87 170 223 103 95 477 32 339 799 113 15368 20 1226 345
8933 11807 153094 2553 4254 341 2 29 511 29 96 25827 321 139 1036 267 12 38 33823 724 386 61 315 848 107 211 160 2600 4038 161 603 279 32 339 23 6476
8933 11807 153094 2553 1436 627 152 222 385 152 167 38 1012 1537 373 2600 651 197 199 1322 309 627 259 72 1559 183 6653 627 183 201 829 701 61 617 701 124 259 20 573 605 3652 835 259 50 115 6476
7348 704 154784 139 174 66 289 971 42361 3879 254 23 102 14 238 66 59 61 926 291 413 301 218 413 42361 314 462 211 17 301 87 161 30941 30941 299
11047 11026 157011 3513 6585 32 250 2919 250 5 582 582
11026 11047 157011 30941 5028 372
11026 11047 157011 30941 5028 1141 36 6151 1294 12126 80 1426 1781 6151 12126 97 311 37 311 731 4849 838 1782 2487 649 2607 656 2657 242 494 4041 201 2212 23353 1395 5652 23353 37 23353 31282 386 97 9872 1890 559 201 23353 477 272 660 477 9872 794 1426 1781 977 1541 38 4108 704 676 37 2 477 96 1249 44 2487 408 66 57 408 46 432 1122 44 38 349
13862 9678 157741 224 652 82 8872 8029 20 388 126 1305 590 3059
9678 12095 157741 
10836 13862 157741 25687 1497
13862 9678 157741 1305 25687 1497 10274
10836 10292 157741 16473 113 1281 40 63 358 173 95 95 298 401 4348 54 278 1568 295 1281 154 934 121 12716 3124 12716 167 279 72 5 2008 167 737 377 6138 107 13958 224 276 10 676 332 25 1515 1269 25687 1497 295 90 107 1678 258 667 318 32814 10 4956 10896 1610 486 3249 32 64 45 132 258
10836 10292 157741 16473 3089 2684 1843 1337 42902 1354 607 1311 281 6 39 54 52 278 116 38 515 2625 38 54 1391 986 1026 278 38 289 3664 373 1067 154 1843 129 1257 957 116 213 2126 26894 581 421 957 2744 359 1780 38 116 25687 129 1844 1832 4276 65 103 537 184 291 771 1208 318 410 318 2986 20 28 140 97 771 1297 54 152 332 167 38632 9 1281 777 3451 25827 3451 2926 2483 3451 3974 22 32943 1305 3059 594 15368 3059
13862 9678 157741 133 39 564 1709 3451 63 188 63 905 1305 3059 31 1281 5579 22 119 172 3059 321
10836 13862 157741 1297 2771 11506 80 33 3920 33393 1337 143 11506 15 6691 27 11506 383 383 964 20 166 5 3314 36 154 129 2691 821 477 30596 285 5 5220 3998 143 5720 232 9772
9678 10292 157741 16473 8872 14898 1446 3059 9 5384 6179 14767 3059 3059 9 272 449 18 1823 4053 22 2587 765 3059 3059 1912 1593 3059 159 1474 201 232 303 4276 242 38 2673 236
10836 13862 157741 3089 11506 4810 952 22156
12676 13862 157741 63
10850 11127 157741 2408 2523 1427 657 208 388 1105 657 208 1427 2408 1118 308 245 1281
15971 11127 157741 25023 1281 436 657 208 30941 2408 263 486 48 950 3041 376 143 160
15971 11404 157741 503 936 217 263 657 208 9 1281 8029
10850 13234 157741 8029 8029 17 388 14119 164 388 14114 24269 2221 85 985 3260 388 38 61 379 28244 61 1682 388 388 21030 96 117 9464 2659 259 28 1281
10850 9678 157741 1305 63 113 30941 113 388 116 450 1053 840 1262 1546 1053 231 33099 193 41 82 7083 308 1281
16886 9678 157741 6138 113 1281 1305 8029 113 6 126 348 6138
10850 13234 157741 30941 298 480 36 337 38 447 2376 648 223 594 8029 165 121 28 1281 388 1104 147 122 5407 1902 68 4369 78 2950 518 78 112 107 22146 414 518 451 3597 451
10836 13234 157741 8029 1347 70 44516 1373 38632 1373 10823 6011 212 54 598 200 819 702 6 103 232 40277 2447 8570 233 4989 318 1373 1446 12000 15
16886 13234 157741 48 133 605 2538 1281 8029 30941 122 388 104 518 677 144 712 578 7 32 8029 28 64 388 99 255 90 1281 388 90 99 6 388 3297 124 14898 34684 152 1033 1305 199 388 133 313 447 388 6138
9678 13234 157741 82 113 6138 6551 373 8029 117 2034 60 355 103 5 181 752 3439 3394 1765
10836 13234 157741 8029 255 285 507 834 505 25687 255 6525 410 295 66 5033 29 170 129 6138 113 74 373 282 651 46 3709 270
10850 13234 157741 8029 388 5407 1902 76 68 6138 388 245 11111 1305 503 113 15834 558 1067 15024 2185 50 28 1281
10850 9678 157741 1305 30941 97 95 50 503 70 3702 674 357 623 3303 72 9 36431 1281 490
11047 22761 157741 388 95
10850 9678 157741 5536 266 42720 2928 3014 6200 17679 312 9464 2659 103 259 28 2831 43218 388 3112 64 388 737 447 2245 63 126 308 113 1305
22761 9678 157741 1305 44176 63
9678 13862 157741 
10836 13862 157741 1080 88 140 657 1305 46 23
13862 9678 157741 1305 83 219 88 6275 1305 39 46 135 51 114 899 899 33 2500 54
9678 13862 157741 6275
16886 9678 157741 1305 90 7 2499 978 12536 232 107 24220 603 315 63 117
10850 9678 157741 36 3716 14699 239 282 698 5 698 109 1128 316 6203 525 1305 30941 9259 971 49 9 610 242 145 9 28 1281
13862 9678 157741 609 1191 8 23 85 151 10 140 1268 3297 6551 1281 182 316 14699 11 313 6203 37 6275 1305
10323 5583 164371 182 10830 2419 3885 3169 201 128 9515 3137 3307 5579 106 7 3290 2333 2527 3799 25687 108 389
21859 11341 164371 2178 12209 1395 1245 486 304 242 482 1760
8663 11341 164371 2178 24404 880 74 1500 25407 176 1155 12209 1155 2943 1245 584 242 9729 2569 27386 1278 2117 140 4024 3201 2136 2117 12209 4273 482 956 1245 25687 757
6952 9678 164371 764 835 2856 1134 509 1454 3034 2333 20 1305 4751 829 646 12209 219 253 183 201 83 6677 57 2 102 60
1 9678 114253 122 184 5993 79 245 54 31 507 103 410 3609 2474 154 215 137 10 1305 73 73 2623 73 199 34742 109 497 5 225 54 657 3978 1275 207 341 402 20 46 28 10
10918 9678 114253 24220 353 895 15368 95 68 147 1527 4149 2711 6677 37447 23 1546 218 607 494 210 817 42440 4067 773 115 42440 197 68 42440 3872 42440 102 14 6 102 23 25827 557 464 160 59 515 207 68 515 1631 2876 65 239 515 1287 346 61 73 1305 73 204 73 346 654 116 3639 572 272 373 82 2904 190 113 8872 553
8945 9678 114253 133 37 51 1305 2845 109 275 54 24253 170 3639 151 275 15935 272 2985 151 472
6363 11445 114253 31 109 2845 36 1731 2246 2018 11291 123 364 318 492 9223 482 1356 2260 281 154 318 4405 2381 36 2399 13958 443 262 2453 795 860 318 2453 109
9943 9560 114253 348 46 2643 1228 51 133 38282 88 217 7 13336
9560 9678 114253 339 257 1305 533 17 1250 33 223 95 97 98
10773 2034 124190 299 63 170 6 643 1424 39319
19925 6412 125544 413 31 7640 1189 616 1547 32596 137 404 352 75 1526 141 685
19925 6412 125544 685 113
34396 6412 125544 38 185 4944 78 54 4455 37 779 68 2 3125 3630 1807 3338 346 245 3228 22 339
11565 6412 125544 6162 137 75 285 353 194 369 75 2580 2201
26535 6412 125544 37 20 65 37 809 119 7345 1607 139 287 295 159 693 387 44 36 5 65 180 29 657 315 79 73 73
8529 6412 125544 351 351
48846 21564 125544 711
34808 6412 125544 233 1105 224 217 115 459 114 224 31 137 40 137 250 83
55176 8042 125544 578 257 493 4482 354 224 114 354 20608 494 594 79 594 261 159 65 629 11506 82 173 387 2235 1447 51 1694 109 68 315 68
74213 110870 125544 323
74057 110870 125544 351 185 413 139 468 103 658 108
35140 110870 125544 404 1079 128 128 23870 136 281 574 8872 37 311 5 819 33 128
39260 110870 125544 351 2166 109 387 25687 2636 233 4771 236
57155 71342 125544 4306 30941 8856 559 8980
67741 110870 125544 351 145
70802 73320 125544 351 413 7658 44447
6829 110870 125544 348 207 895 79 37 44 207 9 304 25844 38632 100
10565 38904 125544 341 258 155
11149 110870 125544 3707 78 154 66 57 578 369 194 122 180 145 852 36
10256 9552 125544 11893 493 99 161 308 15 1676 210 8 232 262 932 1676 1504 531 15935 1122 412 37 538 102 2523 648 68 49 29 15 3609 30941 10709
43838 38904 125544 468 218 258 184 31 354 313 117 817 174 797 697 161 544 327 1377 22 277 28 23 28244 18 4905 1644 25 375 2541 1448 277 80 59 54 178 418 2363 3184 1545 305 464 12 61 32 402
41422 110870 125544 13814 214 117 804 357 14 305 100
28428 21020 125544 351 25687 351 470 115 160
15205 38904 125544 4746 117 459 29 78 31 459 354 117 488 29 78 1006 260 8 66 258
48688 38904 125544 459 78 15 459 351 694 53 258
41348 15113 125544 578 137 323 289 137
47519 51750 125544 2213 1135 224 51 548 1543 354 114 184 224 8 18706 262 354 1694 11 57 65 224 32 731
52851 74057 125544 1129 1129 44 810 270 810 270
63700 38904 125544 387 107 258 66 501 927 764 896
63953 30544 125544 2470 44 166 314 182 2470 32 172 441 18706 28 2529
29671 110870 125544 227 133 13898
9384 28690 125544 348 206 330 31 224 79 339 354 354 653
3384 5210 125544 351 140 13898 472
9287 74057 125544 124 385 39
7201 110870 125544 
1295 110870 125544 31 690 154 4112 354 41 123 1112 17973 80 4489 123 11195 15 1319 2447 41 797 119 2447 41 119 7 598 1226 124 1226 826 354 2447 41 115 185 54 185 115 20608 31 1216 218
7530 27112 125544 145 468 393
9702 15113 125544 78 213 289 455 164 28
11024 44052 125544 356 1156 3967 5274 711
9552 6412 125544 10709 8509 97 232
64253 15113 125544 351 25687 351 289 83
65598 62935 125544 7847 354
64283 64942 125544 166 354 31 826 115 36 387 291 647
65738 38904 125544 31 535 258 351 42440
67362 64942 125544 6 544 387 165 2093 115
27263 64942 125544 578 114 224 197 1584 75 288 199 507 7 3644 224 29 115 235 90 595 377 387 44 65 109 2531
24172 6412 125544 137 455 2 511 136 712
31710 64942 125544 113 44 387 114 224 197 78 360 372 66 652 9516 413 66 3579 142 132 488 90 125 80
29295 64942 125544 387 44 33 184 658 218 217 387 35 1719 102
31745 64942 125544 351 49 387
26822 64942 125544 387 921
15291 64942 125544 137 404 115 2093 1584 75 288 287 114 163 1039 99 295 387 44 199
33756 6412 125544 983 38 96 57 96 59
53243 15113 125544 137 31 224 51 103 390 840 459 137 103 75 194 953 697 33779 33779 459 335 142 356 603 735 287 544 13835 376 126 289 8 1350 115 492 2211 126 37
52992 6412 125544 124
48846 44052 125544 1021 886 369 19764 3298 840 450 1248 840 1053 31 68 79 62 28788 3747 3747 31 224 8394 711
52699 6412 125544 318 1446 233 10 124
51534 44311 125544 4968 137 762 351 400 116 65 17
8378 64942 125544 78 390 287 15935 387 4209 653
6999 35112 125544 862 25687 351 31 29 126 598 1516
6829 602 125544 570 424 852 100
67611 38904 125544 258 145 2229
64283 64942 125544 413 647 327 59 31 1362 387 354
83925 85106 125544 31 224 488 3167 115 321 38 652 381 11 57
79437 83925 125544 8 809 57 578 444 87 340 115 178 499 481 124 178 10 224 180 109 797 11
74161 64942 125544 135 387 103 155
2813 21020 125544 307 351 115 160
8467 68631 125544 35044
6829 6992 125544 9326 62 100
30672 28975 125544 4575 4575 32 9661 28 117
30914 1 125544 197 404 699 31 413 609 8 210 1021 886 712 4059 609 122 985 38 654 4348 999 968 2610
31064 64942 125544 40 217 78 31 413 488 29 1750 80 652 197 404 387
103655 24172 125544 31 224 351 690 550 455 18 2960 367
71953 108966 125544 2098 387 11506 445 62 811
97610 108966 125544 31 140 351 2098 387 170
107138 108966 125544 8 124 139 6 895 2098
113387 108966 125544 2098 803
111116 108966 125544 2098 387 387
